1000
3
435 981 365
382 158
DBAADBDCCBADBAADDADCBBBBDDDBDABBBCBCBBACBCCBADCABBACCDBABDBBBDBADDADCCAABCDCADCACCACCBBDCADDAAADBDDD
733 636 907 164
377 954 809 169
81 455 114 614
548 458 175 620
224 239 77 307
637 585 657 370
379 747 941 757
492 767 162 62
587 688 114 671
712 145 385 320
611 388 874 660
672 892 666 701
400 142 804 743
379 954 556 900
452 544 406 210
180 594 194 789
481 193 238 807
583 769 519 265
154 104 601 296
532 954 967 980
112 872 813 419
486 561 175 654
779 992 365 639
216 854 14 145
296 344 383 989
754 345 55 564
842 732 378 490
174 556 734 924
998 187 178 233
426 143 80 705
869 325 530 928
527 649 854 808
720 598 762 351
61 670 18 831
915 23 787 569
140 722 884 50
327 188 357 107
193 222 555 704
132 427 268 425
639 568 858 201
27 129 283 525
927 348 760 59
929 257 197 291
230 227 406 840
70 663 570 246
800 612 756 793
261 933 220 397
846 625 372 666
848 410 358 186
349 31 422 635
110 917 758 180
739 401 384 955
460 545 399 402
245 79 627 460
830 150 197 394
783 933 634 432
809 159 792 68
458 41 419 189
886 486 826 698
424 770 728 922
495 256 523 339
479 274 463 242
837 856 611 419
819 639 198 544
766 820 153 572
983 885 993 355
849 475 811 635
826 173 805 696
446 998 719 290
416 52 495 25
674 748 316 458
871 709 910 954
67 408 178 696
71 867 726 170
663 22 904 142
822 352 911 492
504 888 398 574
710 852 631 330
508 507 303 112
728 77 485 642
525 689 140 440
303 207 746 352
141 733 254 734
493 230 212 958
297 67 865 958
45 75 745 637
744 766 779 944
265 554 395 809
651 987 314 772
294 815 146 128
520 674 178 187
1 416 244 141
513 90 915 165
93 296 161 433
381 597 55 298
224 377 205 466
815 572 466 248
344 660 690 4
485 24 119 403
649 588 37 157
292 308 25 510
891 911 443 228
567 493 278 35
548 986 597 107
315 21 412 203
611 758 719 688
937 726 881 12
256 521 404 994
784 721 297 701
90 499 740 732
563 204 139 12
90 906 900 845
963 443 931 307
920 512 782 870
638 254 865 220
458 620 110 812
216 10 517 346
80 455 605 771
183 758 915 487
749 28 641 56
103 149 579 889
293 851 891 594
608 162 95 755
333 135 283 759
95 993 886 716
643 406 832 69
117 87 896 190
59 280 883 712
16 318 953 334
48 299 178 560
32 210 990 422
112 501 520 175
895 224 574 973
575 184 987 950
299 822 431 990
421 191 653 881
905 759 964 290
570 341 596 897
742 404 306 605
457 696 533 937
942 795 934 257
641 328 574 137
74 865 378 203
557 764 3 380
714 526 675 19
626 199 180 714
218 581 398 588
58 551 678 540
631 423 31 881
956 451 57 216
128 169 200 994
138 379 61 336
420 79 128 877
137 129 844 440
43 899 33 7
416 28 459 556
999 257 581 840
915 798 311 592
395 758 626 589
84 519 322 252
828 906 150 48
937 288 174 456
428 251 351 638
705 977 676 597
168 28 937 66
367 223 695 822
2 735 956 875
68 132 345 310
192 148 753 182
484 841 289 673
277 97 283 76
270 711 874 983
415 745 600 631
283 119 730 833
686 966 126 47
253 995 527 406
64 722 640 565
661 243 885 384
404 851 430 855
484 966 850 306
197 372 218 390
420 756 338 471
390 73 8 546
996 896 229 949
773 887 640 774
190 87 430 721
90 320 518 865
694 127 477 712
544 136 47 194
972 734 171 374
259 740 677 612
946 151 505 567
728 611 215 529
329 556 797 974
352 230 512 565
634 540 310 356
109 240 262 388
993 471 697 241
97 881 526 456
970 82 386 797
722 679 617 798
536 354 987 472
267 94 747 890
563 259 74 703
989 54 581 394
138 350 639 335
614 992 242 34
426 545 750 217
821 595 433 197
336 183 789 612
592 553 315 64
484 800 973 342
573 754 67 917
246 657 431 418
911 585 170 1000
696 605 606 932
453 428 804 829
4 898 705 967
947 599 405 736
566 940 414 869
6 192 175 219
473 646 467 778
870 176 179 122
416 468 684 214
622 273 429 171
113 486 711 59
641 179 374 428
80 371 171 955
776 688 929 421
223 285 395 84
592 226 153 560
315 940 882 150
196 232 367 849
287 593 589 759
442 386 389 489
40 399 5 667
957 549 482 518
636 679 579 941
460 883 599 96
558 812 924 335
825 475 107 822
710 88 624 535
652 471 568 738
489 194 471 110
544 600 652 394
624 226 537 692
370 320 428 528
338 261 735 313
67 675 627 765
530 966 885 89
701 638 841 240
502 180 85 486
836 421 145 526
784 741 685 891
577 829 357 667
297 705 868 928
812 130 266 634
854 966 288 206
499 682 963 89
256 977 489 459
618 18 339 972
642 854 620 595
292 543 773 885
978 78 18 644
181 567 991 158
695 52 68 424
442 601 426 571
17 832 360 29
976 666 493 807
630 722 986 262
322 849 773 973
420 4 443 227
260 270 344 985
80 291 351 103
165 48 155 374
874 896 233 760
972 656 171 373
861 718 319 37
431 778 280 45
747 958 838 312
343 105 566 430
7 92 223 732
773 495 85 999
916 588 797 257
530 867 316 230
662 645 66 691
774 987 661 829
43 312 582 332
93 781 73 713
433 568 100 94
892 22 965 886
786 385 387 781
46 218 583 401
296 831 24 816
44 716 359 972
955 912 922 37
543 623 939 210
249 181 581 834
440 116 327 913
341 181 928 203
674 483 211 614
947 673 955 695
258 221 194 574
621 74 184 344
99 558 362 840
181 810 682 439
586 535 932 793
299 985 202 545
997 423 818 733
877 85 764 503
619 397 979 847
764 913 373 476
513 601 193 899
594 447 167 491
551 159 975 97
686 669 430 204
992 768 594 782
673 984 830 762
629 763 231 534
485 123 62 684
269 109 23 191
676 927 973 739
588 381 266 142
616 240 104 956
528 997 754 978
339 154 738 401
522 832 48 622
400 908 187 451
815 871 635 640
264 302 623 479
107 221 710 229
656 251 501 247
83 137 176 211
951 931 592 466
695 984 642 138
821 653 247 819
685 287 417 754
994 551 534 484
153 37 644 749
452 25 472 851
450 801 69 154
8 867 797 397
278 992 492 275
757 653 66 148
726 20 872 71
540 186 61 347
77 502 414 952
224 167 958 576
415 27 479 17
262 707 381 879
22 339 534 83
64 617 930 843
368 27 545 920
10 438 269 731
778 412 818 912
736 519 961 886
94 502 254 152
804 115 653 108
251 660 738 821
321 472 922 833
229 27 938 630
756 220 715 553
298 246 549 372
459 872 710 72
279 734 615 575
212 375 139 736
468 621 789 520
850 439 889 99
149 571 552 418
680 931 404 622
74 582 76 320
650 576 553 853
808 643 551 510
132 122 578 287
782 381 978 999
708 172 713 737
850 613 520 821
566 512 295 575
185 691 985 427
295 570 866 136
366 408 538 371
498 231 893 435
855 189 351 810
838 835 944 218
70 500 336 56
830 634 888 38
631 552 201 819
914 503 617 518
310 743 682 769
96 645 721 130
537 412 212 77
980 222 12 680
182 859 832 979
595 752 781 707
454 301 463 33
569 36 141 626
904 368 940 501
157 187 39 584
586 805 198 377
608 106 723 624
729 59 21 866
379 88 38 174
31 151 612 30
293 228 402 244
579 889 808 213
671 174 637 276
512 736 72 995
689 742 53 118
139 808 154 19
526 260 41 156
146 93 828 5
337 744 731 78
904 242 483 924
975 983 857 222
751 573 209 149
88 140 464 356
206 522 587 988
767 785 768 284
500 827 819 751
829 271 830 756
701 377 986 183
173 516 509 765
337 96 679 243
25 212 681 87
168 596 24 844
456 481 118 152
380 142 667 24
51 455 501 343
316 543 768 806
311 124 38 726
969 151 438 666
492 332 414 459
102 652 644 364
511 988 589 207
527 189 554 940
208 382 65 869
567 672 478 464
960 874 7 355
909 161 190 647
264 552 309 936
14 234 337 136
685 349 859 774
310 845 928 284
535 911 211 223
898 826 727 294
332 374 516 507
869 923 302 558
584 745 393 239
803 163 608 848
130 550 984 265
243 330 971 555
582 117 10 350
349 97 15 312
759 637 307 106
600 977 813 312
908 826 409 14
130 961 926 47
177 333 358 632
613 595 630 738
214 281 172 324
991 401 883 165
10 72 138 935
424 889 760 957
153 642 988 618
261 630 589 877
98 760 246 719
679 245 844 675
422 728 880 935
814 389 359 824
796 583 980 739
519 976 775 893
964 473 840 476
378 441 235 316
300 839 714 903
853 373 461 259
688 648 89 533
570 47 413 863
337 46 162 569
306 420 732 200
244 677 204 857
128 531 658 983
700 620 933 357
5 451 205 6
125 876 604 541
1 938 482 340
141 98 603 151
682 489 989 413
71 336 435 26
86 778 632 311
156 926 715 882
800 364 878 465
804 970 366 73
398 474 615 945
261 76 182 22
577 308 418 89
188 488 648 305
757 222 531 727
279 927 661 476
88 873 282 540
41 408 472 111
638 791 188 988
573 847 124 641
483 961 785 371
477 388 292 447
590 764 672 191
596 975 841 266
898 76 576 453
380 265 270 1
945 898 255 387
895 40 892 665
918 326 485 31
176 93 789 614
828 996 879 13
768 193 294 274
991 350 300 586
333 794 457 390
149 635 742 725
1 578 453 162
962 347 263 39
993 510 944 461
798 92 335 942
548 856 807 568
583 400 481 44
496 447 315 295
251 921 33 217
306 995 53 422
123 607 678 997
220 897 799 766
435 700 975 367
92 860 622 172
470 313 167 39
189 473 39 516
421 603 172 888
691 618 396 432
796 599 234 203
618 717 249 961
951 931 623 116
825 449 208 490
160 145 51 462
604 906 887 538
73 167 448 800
510 191 774 528
259 550 939 352
654 702 69 300
897 553 947 878
962 766 855 369
803 816 229 969
932 360 301 82
743 508 562 823
166 331 563 888
210 441 418 456
841 971 234 13
44 585 347 157
477 587 239 902
598 763 437 139
452 807 580 753
399 137 82 539
697 55 762 785
247 953 875 566
457 943 678 906
387 935 771 628
92 453 493 294
363 357 18 559
274 516 240 347
584 877 442 902
255 780 72 935
996 871 968 99
28 707 579 412
891 305 302 53
235 83 590 745
925 123 79 855
216 859 806 260
752 407 217 825
461 623 904 747
730 697 867 725
883 608 155 262
917 943 54 663
155 677 275 232
669 131 68 687
846 602 672 70
376 725 580 632
226 290 19 5
442 291 483 270
319 925 461 378
626 9 419 731
479 298 824 133
629 815 661 511
625 597 366 253
309 686 977 99
236 870 578 681
309 968 250 518
156 555 723 780
791 64 109 787
824 144 818 660
134 976 659 725
569 308 632 521
563 949 309 836
527 951 707 292
127 231 753 243
355 242 636 185
806 481 110 439
680 83 514 742
464 798 905 475
692 363 17 129
838 133 616 291
488 791 667 921
363 662 967 69
670 286 273 98
169 233 610 957
893 21 125 16
872 156 534 388
615 844 272 578
862 308 397 724
833 753 934 893
910 670 26 509
656 749 448 976
447 720 989 810
417 934 900 120
603 449 495 905
514 49 525 532
350 382 644 529
298 123 302 858
984 538 43 200
256 155 845 636
708 248 703 616
239 281 791 463
71 82 762 554
535 53 657 515
431 313 384 268
503 362 62 335
802 454 913 4
390 254 41 673
300 408 13 866
410 278 873 127
477 105 211 887
748 365 132 677
96 33 880 713
647 782 751 429
514 785 206 273
32 907 939 322
805 208 514 402
868 896 152 562
382 8 235 675
286 996 533 290
409 125 474 796
209 532 288 21
362 399 482 328
917 882 887 384
466 615 823 109
749 857 995 723
368 761 918 34
776 843 503 450
941 571 825 953
376 939 380 333
913 524 436 275
30 671 65 952
775 160 676 237
490 345 731 177
724 433 341 784
603 427 407 945
43 213 235 343
368 56 555 331
694 331 221 386
580 349 30 868
882 20 827 720
879 451 436 324
998 252 434 723
12 103 763 214
923 394 202 703
927 839 557 835
729 26 532 150
122 286 135 659
51 730 748 685
669 943 818 424
161 999 429 866
799 38 693 122
730 475 277 772
835 168 530 297
106 275 657 44
322 505 580 91
157 391 116 665
362 755 650 582
546 903 23 601
711 575 576 645
363 960 348 131
980 269 159 198
571 225 784 834
997 95 133 111
796 960 467 198
654 341 528 491
405 61 771 129
698 463 158 94
413 692 604 46
217 719 662 777
853 647 304 60
827 250 613 169
956 941 186 395
625 2 60 100
494 934 860 912
704 307 834 200
692 439 894 562
664 561 691 787
870 752 111 79
848 133 136 112
831 914 281 455
91 712 305 827
521 767 783 436
573 359 195 432
697 49 849 387
905 268 981 113
717 8 140 859
741 967 587 836
348 953 598 921
29 50 613 816
875 334 271 131
460 258 273 894
546 9 411 643
179 183 304 806
508 86 415 152
468 659 161 748
125 715 375 63
465 811 629 655
606 340 767 356
923 665 506 547
858 772 70 813
56 409 708 537
902 836 391 752
366 342 402 3
617 591 686 868
664 1000 488 507
524 649 284 739
106 646 985 443
577 478 684 970
938 916 694 930
550 908 414 848
482 873 945 318
215 834 359 850
932 385 814 190
770 663 444 192
165 875 468 584
900 410 833 668
158 858 901 845
609 950 248 85
505 788 268 507
62 942 49 548
706 382 944 662
474 703 929 301
842 252 288 606
596 305 179 508
795 32 839 204
699 35 317 897
929 411 356 332
432 851 671 319
674 120 659 839
694 947 559 173
9 720 884 965
284 943 500 405
225 523 772 558
148 525 202 280
699 853 16 360
625 42 990 727
647 715 469 234
32 205 676 478
538 441 543 269
281 244 52 166
470 364 413 245
16 376 334 965
207 606 271 816
923 965 108 409
628 278 372 649
777 121 802 317
343 415 964 533
651 598 313 652
144 376 58 228
176 13 554 260
513 522 444 314
329 253 396 880
926 863 54 664
323 658 480 680
400 219 522 241
951 342 386 276
249 741 604 391
744 383 864 650
358 111 957 185
938 321 441 2
364 950 54 560
755 549 46 895
651 668 427 334
327 737 192 215
263 226 619 465
311 616 740 930
546 699 831 249
164 177 449 102
843 144 365 407
208 159 969 793
755 812 496 991
801 969 920 213
287 794 805 909
118 610 708 777
924 2 912 425
342 207 474 57
163 779 986 687
648 86 188 209
6 440 369 786
232 651 205 213
323 746 147 101
982 716 75 238
58 340 358 669
600 370 890 733
950 487 689 665
920 65 572 787
118 104 656 285
971 860 884 529
464 974 713 231
383 369 523 770
365 385 353 750
629 751 488 842
599 280 892 340
654 962 505 963
55 373 75 52
968 838 271 716
383 367 741 803
750 648 978 50
124 572 765 225
160 811 434 880
91 478 561 42
120 823 684 718
740 403 982 158
500 658 856 974
783 919 15 398
452 279 98 348
40 116 517 769
264 469 274 790
285 795 590 683
624 30 57 225
95 704 50 134
776 299 721 750
925 457 884 902
591 494 435 114
134 925 974 326
901 103 643 375
345 135 301 286
498 407 811 444
186 182 469 465
163 170 910 411
847 863 936 238
683 718 282 702
434 66 370 371
824 557 3 628
602 215 930 448
470 494 196 75
655 497 670 467
809 131 248 209
438 238 221 444
908 426 981 276
803 487 497 918
462 910 521 206
781 780 214 91
252 871 757 857
354 962 360 375
467 901 410 542
990 737 303 687
895 325 914 549
926 776 593 788
714 577 693 314
303 994 29 476
775 7 964 327
100 389 852 860
779 253 813 777
498 425 933 114
417 361 646 266
517 429 438 605
801 502 255 864
628 835 20 34
689 633 3 770
449 184 678 121
57 45 34 790
318 124 664 405
473 693 42 531
792 166 763 160
393 971 87 539
918 846 936 119
338 490 117 952
480 873 177 317
491 562 255 627
948 499 173 699
201 170 837 724
321 317 117 411
542 144 35 541
903 446 126 513
318 717 355 146
163 585 901 26
295 903 134 735
494 727 448 907
560 49 907 894
324 621 325 894
148 227 454 700
127 126 201 227
524 810 121 417
237 765 709 640
232 539 185 737
289 247 196 683
245 14 552 690
650 42 523 919
916 233 113 15
852 837 353 506
326 847 20 706
126 338 101 102
559 537 434 959
619 792 724 698
828 120 504 45
236 51 878 330
346 700 369 196
423 324 801 506
102 121 9 423
228 775 914 517
65 403 542 325
936 863 655 498
425 698 942 693
469 729 529 329
729 706 199 446
794 668 346 948
393 272 591 909
959 63 330 166
346 557 323 820
237 19 511 323
436 790 277 960
788 389 542 878
445 706 711 60
919 591 864 391
40 794 168 35
143 952 509 786
646 879 559 258
63 496 823 119
981 704 147 790
304 285 690 970
645 531 314 195
23 864 861 743
795 29 536 396
922 353 146 499
856 717 814 817
199 392 497 536
258 633 959 393
876 403 450 916
241 450 497 353
718 590 709 506
321 862 792 354
602 949 504 609
702 627 619 735
799 237 11 837
236 63 761 36
104 135 15 276
981 842 361 437
437 793 586 655
11 113 331 437
504 392 326 946
536 769 658 621
454 1000 328 267
610 539 143 328
959 633 949 6
846 820 602 184
702 491 783 219
267 115 264 687
948 17 746 610
607 78 780 593
147 462 470 771
561 11 820 282
480 250 108 267
968 147 86 319
862 607 817 202
998 199 843 746
861 487 963 668
446 852 396 761
979 277 58 78
250 982 289 60
164 1000 948 799
786 607 709 633
304 143 241 115
817 919 814 802
802 609 921 361
744 105 115 263
272 890 289 462
681 282 392 982
100 496 681 108
690 279 101 445
899 876 509 236
541 361 84 861
541 354 609 219
515 272 195 817
862 899 515 979
11 195 909 329
105 263 946 101
547 511 84 946
565 761 445 547
593 565 515 890
293 524 392 564
445 164 550 480
683 81 788 876
81 293 36 564
81 564 547 36
