2000
5
1742 1000 486 467 938
1253 1120
CBBACBBBDCCDCDDBAABCCACCAADADACADDBCADBADCDCBABACCCBAAABCDDCABCBDDBAACBADCCDDDDCCBCCDCDCBBDADCAABCCBCDDBADBCDCACDACDAACDDBCDAADBDBCDBADBABCABDCDBDDCBBBCBBDABDCBAABDDAADBDDDCADBCBBBABDBABDBBADCDACACCAADADBBBACBCAADBCBAACBADACAAADACDBCCCCADCAAACBDBCDCDADBCDBDAACCDDAADDCDBBAACBBBDBADADDBBDBDCDAACADCBBBABDCDABABDDBBDADBDBABBBBDADDCBDCAABBADCACBCAADDADAACCBDAADCBBCDABBADAAAABBAABDDABDCDDAACDCDADDDBCABCCAACCBBAACABABBBDAABBCDCDADADBCABCBBBAACADDDCACBCBADDBCAACCBCBCBCDBDCCAADBCDCBAABBDDBAABDDCAAAAABABC
211 594 310 1512
1115 851 842 1667
703 701 1839 457
289 1728 467 644
135 494 1085 1330
946 714 1106 1957
1405 84 486 1878
1590 1527 5 1461
223 1110 1472 827
1517 1160 1428 841
127 594 184 897
1143 363 1403 1415
824 1506 1423 1087
1417 1224 1978 1885
1200 303 294 1401
213 1398 1739 1507
1082 749 1672 218
136 180 328 605
835 954 65 1217
1072 1758 461 1510
625 294 391 687
176 488 813 1762
1366 1437 128 205
58 1044 1450 1015
684 78 1182 1008
1778 1723 1353 1913
1221 676 602 1442
669 972 1260 1941
1146 96 306 1935
279 1546 1686 748
1863 786 650 942
1977 1216 1648 1809
564 898 976 532
940 23 1713 126
1426 1961 1535 326
598 1832 214 511
1692 555 1870 186
1956 1747 1107 1629
606 1142 635 1280
951 728 46 111
798 843 214 955
1139 339 1276 1740
1975 328 264 231
557 1460 701 1300
68 1572 669 1469
1080 821 1188 1038
924 499 358 1647
1085 438 1260 29
477 1153 184 1038
1504 1445 889 675
968 1235 2000 499
1452 230 1710 1456
701 1822 850 172
99 922 998 1836
266 1359 1531 929
498 1776 524 1970
1210 792 495 1062
647 944 139 546
1924 643 581 908
1227 937 785 1236
974 277 1088 985
435 1642 1656 484
1677 922 749 1570
979 765 1872 226
1408 1224 1525 1965
589 1044 1493 75
54 1726 1570 1600
1904 673 38 1013
747 700 1112 1255
1309 845 1226 1533
1189 1999 586 710
967 422 853 1133
1136 1691 1982 1971
974 1775 1701 516
766 1391 702 69
1082 721 586 1424
1300 511 1364 881
938 1323 1509 1138
619 910 1117 1060
1661 560 762 71
1023 18 372 572
480 1765 964 1122
1132 1743 34 428
535 1582 760 1624
211 1146 424 1730
99 1391 1523 479
1814 998 588 617
1204 1563 230 340
1528 1328 1525 1414
348 1310 996 169
54 1616 1062 23
1706 43 1642 512
1523 207 1710 210
317 1699 1224 1033
1446 1055 1307 1003
1441 1695 1162 1231
1893 683 507 1119
126 1072 1803 231
739 149 964 459
1667 973 608 218
1006 204 1282 1455
1916 1261 244 1214
261 1451 200 711
1621 1741 1075 1428
1974 1300 1491 1704
842 242 1902 643
498 1411 421 1561
1200 1799 894 1787
555 226 1395 1449
305 1038 1237 1247
1733 1424 1020 742
1872 919 1361 113
1535 690 145 961
997 182 1808 446
1409 1317 1792 774
3 613 481 1845
1474 1022 321 149
1391 610 236 41
1420 1180 777 1948
449 1815 461 642
1178 330 622 735
219 469 1473 518
1512 1864 340 1819
279 1020 609 860
1593 807 1379 297
779 1628 928 898
261 907 1751 494
1577 1276 1409 1044
1574 1618 1916 253
845 77 848 212
835 261 1733 1366
1127 791 530 811
956 770 472 1064
1136 1976 682 1666
440 671 68 798
401 298 206 14
651 398 1256 1908
1054 1803 909 958
264 585 1307 499
1285 282 1144 285
756 1063 449 1397
1604 685 1776 1213
989 1838 877 1331
1200 1301 1713 1269
70 1832 1517 1480
567 979 75 1967
1217 810 1311 1842
1828 1426 661 635
1809 443 1090 94
1735 1368 517 1187
1496 331 383 1393
1572 830 1753 54
790 1126 696 364
1182 929 901 722
325 782 683 1086
73 1745 692 1582
742 256 743 1840
249 225 655 824
1758 386 281 1114
1529 1177 130 394
935 151 91 465
839 1389 987 1927
1575 365 313 682
470 416 81 854
1859 219 578 1835
1361 1880 765 1041
1098 200 1355 1251
1972 1927 435 981
693 671 869 946
1271 163 1746 1818
1013 988 72 365
1240 945 558 1742
1027 718 1825 524
854 586 591 1622
780 498 59 382
1255 384 1651 1816
746 564 348 898
1601 949 1755 916
1766 1378 28 716
11 1422 1530 735
1233 162 1268 1275
1095 932 1727 1241
1436 1551 88 714
1966 1155 176 1459
20 1239 1868 495
1163 598 1119 1320
1976 446 898 276
1231 1409 1362 1753
700 1644 1924 381
1652 865 1171 1769
383 219 1415 414
1917 1927 1609 1353
497 1096 1275 252
912 1127 486 615
1913 897 139 1992
1387 1372 815 1155
962 1130 744 1483
218 980 643 624
1161 1107 1506 1879
759 1161 1062 802
1595 1870 641 1455
697 1250 616 40
1655 335 144 825
1848 296 90 1975
290 1531 1785 461
38 1643 802 939
1334 558 1696 1475
207 1364 23 1870
718 304 318 1710
1664 510 740 71
91 802 884 1791
83 1501 307 1475
1712 626 1176 1515
1576 116 9 903
1092 566 1555 1508
597 180 1854 412
1943 840 1251 1419
282 624 678 178
71 1480 1796 566
1005 1526 1539 1661
1843 1230 1514 1162
1554 299 1392 1927
337 1698 215 541
343 581 608 665
1064 1131 1163 777
1538 541 288 1663
1459 420 125 1903
1879 1184 1786 756
1855 219 136 780
1716 1728 415 1080
1688 1992 773 266
371 502 905 1703
1173 136 1389 622
1846 756 176 1425
666 1699 382 1463
271 307 1357 1747
1554 1695 1077 374
589 687 678 235
1771 743 679 1015
1649 727 424 941
1942 1985 1955 609
1498 533 1824 1543
232 1188 1968 1681
26 1892 1479 346
569 488 840 933
1834 1545 1460 1259
1069 1414 1703 358
108 1681 1307 773
1885 1845 1164 1672
665 673 1121 646
1403 1423 1565 485
731 533 1886 1408
776 431 1882 883
961 606 762 4
1293 457 322 1034
1530 376 1961 686
1330 1414 1832 776
1428 698 539 37
562 693 377 1744
1825 44 662 1615
326 1491 1469 1405
1560 1694 151 1757
1423 1004 1306 425
707 482 130 556
1448 661 378 1503
1843 1885 1400 852
295 1693 75 105
1121 1587 878 385
558 78 1704 861
786 130 157 881
484 1907 8 1352
112 485 959 230
637 1317 1785 622
229 727 614 725
1260 1143 616 933
867 328 511 198
8 1805 918 597
763 15 447 61
104 1609 1844 877
478 233 1044 1013
606 646 1430 1330
1400 1216 1588 1323
1381 1117 1954 786
608 353 182 549
920 1461 1202 1322
1857 426 1606 1348
419 186 1518 864
1657 146 896 1161
362 340 823 820
1197 1822 1392 1242
869 1943 815 920
439 888 211 659
548 499 1872 901
270 1442 1829 791
1456 44 1402 1718
303 1625 1109 1410
1146 1296 334 1369
1617 1935 634 1836
281 223 759 589
1110 709 753 1274
410 94 1023 500
1308 935 883 1794
1499 724 1690 956
1986 133 606 1833
1042 1049 1671 553
1002 1917 812 307
1598 1520 1544 1742
737 1157 360 976
200 1975 12 1332
516 1492 685 1265
374 1986 1645 1401
1328 1849 1300 1575
481 1747 1973 979
168 965 1390 548
1348 581 893 1215
919 976 745 701
96 477 987 1660
387 1028 597 302
459 301 1178 880
1691 1156 40 1454
483 30 72 1304
752 1938 1121 198
91 676 1004 685
163 100 233 1423
962 1924 415 127
732 1487 999 649
1430 1004 1946 1171
1570 830 10 819
1268 1074 211 335
40 686 896 309
1632 1511 717 643
471 662 574 1445
1451 561 999 858
129 1724 163 1366
1601 183 333 1332
1269 153 1792 1469
17 1123 1699 269
1972 1674 1719 1973
926 422 1346 876
473 1014 1915 1928
299 47 391 1421
459 169 1469 1179
732 1587 532 426
1787 1128 100 1752
475 1143 49 1688
1981 1272 145 426
971 1979 1889 15
830 1632 1686 1808
540 1732 69 1728
706 1031 709 78
727 550 1320 533
1382 1878 399 1536
2000 1234 1907 1374
1655 1088 1796 1801
1641 594 975 492
1080 1928 1936 1273
1315 1057 1786 1701
18 418 1647 1471
414 1219 12 1118
1703 1859 1310 350
1137 697 463 1451
781 1934 20 1979
1256 1085 74 1424
920 200 712 1956
789 1528 1000 126
905 1219 863 437
109 169 1812 1183
930 90 289 1713
1128 603 806 1473
1685 763 43 3
318 203 754 786
294 166 1978 1942
1452 972 1037 749
647 961 49 1384
480 998 1552 1726
559 1498 1843 619
1442 1176 1760 479
1801 1262 1279 1205
458 1055 816 722
202 1351 768 1630
293 193 681 307
241 1697 111 1134
1782 1600 1314 795
1 316 970 706
817 1348 542 1590
248 550 1081 1766
1744 1441 498 685
1447 1345 488 254
1555 1168 1304 1299
890 1820 1217 1434
1760 1906 47 703
221 1582 599 1608
277 1540 1894 1967
932 487 1467 1730
804 863 607 926
126 1880 1400 1226
1528 1715 724 1032
41 679 652 1690
1627 551 1909 1803
39 1747 934 790
939 442 173 953
927 1281 406 1158
870 756 771 776
932 693 1091 118
1738 656 263 1845
425 1598 1484 74
108 615 734 955
608 223 938 1089
1816 1602 1247 1512
1258 17 1079 1382
1628 1347 1645 1905
669 1619 254 983
239 1394 1222 1861
1849 724 1282 604
1226 1175 308 199
1732 1257 1591 472
549 1409 1983 565
1703 1911 1696 1412
768 1143 1997 714
829 1844 368 792
1507 1100 518 1765
862 789 586 1697
632 506 893 19
507 1087 778 182
904 1608 1833 1901
1807 1405 1397 1362
1764 1130 650 1596
252 136 1435 1224
1576 1092 182 324
1292 480 1740 1380
1686 1963 1935 1046
1339 1591 491 1422
319 774 1021 1344
1993 1635 1819 1261
476 1090 1004 813
1205 1959 1299 763
1414 338 988 1396
1455 665 919 1571
1071 1503 120 800
777 108 1010 904
1160 1060 704 1651
957 1173 648 1610
44 1963 610 627
661 998 15 71
833 668 1178 1356
1770 676 1876 1617
715 1244 393 1767
199 763 1387 842
1428 650 1769 532
1003 416 1780 1575
151 1765 1577 604
1461 1189 1048 187
78 1735 1358 914
1488 461 560 1656
1424 620 1895 572
1541 1150 656 1596
569 1481 269 570
220 387 1399 1001
1276 1543 1980 1090
1553 1434 719 395
1848 1845 1902 1481
1102 1482 1183 68
1116 1955 18 562
8 1147 1513 141
1525 130 752 433
673 809 409 502
845 208 610 364
827 915 37 1500
1095 1348 975 1571
1622 1394 1884 1203
73 627 93 246
425 821 1345 488
138 1507 666 623
196 847 697 18
1725 1105 1659 1167
23 1255 646 315
1750 1935 1010 1245
1354 1676 505 989
1197 600 633 1716
59 578 9 1207
1404 737 796 1358
1270 724 166 1605
473 509 1413 771
1316 1427 491 830
711 1907 253 301
1581 1985 1767 548
1766 1512 1202 1882
305 251 1822 188
424 493 254 640
1875 1246 1714 1639
1508 607 1798 1484
1996 1532 1024 823
504 859 1733 1979
1058 519 1179 1186
151 1297 1106 403
1051 449 1179 297
821 1711 869 72
1106 1771 1338 393
519 1586 951 223
904 1941 302 1462
611 735 347 1981
181 966 169 1155
434 963 1311 468
947 627 500 1554
1907 1286 889 463
296 1986 965 1987
1050 1671 1298 1628
1901 891 1345 25
1341 1200 1042 90
1189 315 1281 707
623 551 1019 607
1583 425 1175 567
742 686 537 1970
1031 374 1826 1181
677 1868 667 241
789 832 458 1463
253 1865 1191 1540
1367 1883 1860 254
1124 814 799 579
697 1837 7 1770
1861 269 420 737
1543 1783 142 1494
775 19 912 612
512 1249 1368 707
563 1066 406 977
198 1800 1429 1070
1527 705 1228 1488
1372 872 105 326
1074 1748 1057 1349
1550 1816 863 1470
65 1731 732 1574
1648 1222 1740 121
599 471 593 1488
354 1063 625 1256
1138 715 1192 966
1398 1614 1011 423
12 300 1390 1502
514 1230 1214 1006
1357 1415 1593 1698
1780 224 215 84
1454 1559 780 1923
1793 1538 467 1578
26 1157 858 1295
1528 630 978 1407
696 102 1781 181
163 1685 206 1046
44 1264 407 206
1222 1374 281 889
1656 1259 1782 1366
516 1417 1999 37
602 775 1223 240
1514 193 378 1408
766 1766 1774 437
1711 374 1323 1794
1537 568 1495 855
1617 510 1746 40
1349 931 902 1519
1546 890 234 60
891 1515 1344 661
1971 11 1647 1876
924 1791 1758 1615
343 462 1589 1915
1689 455 1302 261
1604 1425 205 993
1007 502 1980 1021
2000 1412 816 1483
967 635 559 752
198 1883 1094 1231
991 890 757 849
448 990 895 147
156 1493 506 1403
935 1290 1135 1707
1162 507 870 759
672 216 10 280
1499 46 1713 183
1090 672 43 1745
1436 1695 144 1694
1715 818 718 1167
644 385 1337 719
587 748 937 1637
172 1306 1181 694
1070 1569 704 1646
1555 1162 333 1311
1010 858 1683 1422
1786 1108 599 1930
729 508 318 1791
934 1775 173 1195
1175 1218 191 1245
356 600 1728 1125
1325 1732 1582 482
362 1249 1704 1682
1625 1316 736 881
738 999 489 404
363 885 1436 633
375 1589 1184 1634
647 1803 740 1603
1823 1744 296 1465
1775 255 1201 328
666 1979 55 1756
1384 1912 1186 325
1626 1675 670 1282
1438 812 1856 1248
1628 1294 758 1307
408 1991 188 410
1243 1704 917 1930
1622 1355 1937 1344
1232 1120 1527 1575
1806 448 1631 508
353 1694 1195 1744
798 506 51 1407
1794 806 1418 1254
613 1430 1014 1588
230 526 1306 1646
1340 639 226 1787
1516 1579 806 824
132 663 1500 542
1419 1773 1902 1715
1104 1893 819 274
1030 1538 1335 1134
1548 1496 197 1116
1840 1328 581 646
135 1412 1305 1784
546 708 1163 1120
1698 486 1194 535
1853 1947 1457 991
152 845 1281 246
552 991 1338 880
1864 485 573 364
1007 1719 300 1577
1054 518 1169 1184
235 617 1301 1651
1620 231 1775 1086
1022 806 1724 1445
1161 1375 1455 730
1893 1527 539 1045
65 280 13 990
949 332 1169 1023
1061 635 1342 271
300 1954 766 345
1425 138 1835 86
1949 487 1745 1034
1764 482 1468 956
890 1155 1033 210
1819 1445 1998 1483
942 980 1261 1614
536 760 1503 1046
248 30 139 1273
999 1444 1804 408
509 1915 187 795
274 409 1760 1460
838 905 1962 637
1493 1113 1753 567
444 849 979 512
1233 1493 251 1150
26 509 1660 1439
160 1430 742 1949
1125 481 939 1033
1667 1513 1970 684
199 1831 1166 1510
395 1957 560 1141
1630 1303 1329 1311
1056 36 677 1906
102 1481 707 318
959 386 981 477
1030 1828 919 1345
1385 1885 1500 1997
1087 631 655 1330
652 1741 20 1233
1396 1096 1322 638
1502 1399 1176 796
808 134 45 1269
1077 1975 755 1853
1749 1918 1653 1974
444 1889 1400 1203
225 1955 1496 79
906 1511 1327 954
29 981 222 1696
1209 783 1736 1903
458 822 1846 1504
1968 472 658 559
732 1069 58 1362
1555 833 264 850
446 809 1008 1639
27 1530 1499 1904
188 1465 1886 1286
1362 1887 1313 280
1043 765 510 1708
726 773 287 13
354 319 101 175
1309 657 135 613
968 1079 1292 467
897 1291 832 725
801 952 628 1615
1415 902 532 682
596 1101 1740 299
226 1537 97 541
1214 669 1921 310
1989 1439 825 284
594 989 398 537
25 520 602 1889
50 1020 957 1169
1489 1508 1945 1289
548 1156 604 1548
1924 1642 1784 56
1991 839 1189 912
485 1727 426 985
1824 754 1731 1617
778 1643 177 1365
986 1769 5 1210
1951 911 26 1622
716 792 1380 932
718 1716 1471 293
1915 1050 355 1806
657 1793 1183 1387
1849 178 743 529
1631 839 865 1949
656 1432 788 1274
879 1607 275 257
739 937 422 1598
884 381 1412 895
1031 539 491 1615
259 729 1485 1675
1930 103 798 872
515 1818 1591 477
1148 990 1141 99
1187 1705 909 1904
1248 1262 1741 1052
16 63 674 638
501 843 257 1488
1396 1545 1940 1849
152 1901 690 774
232 730 1892 558
1172 1054 1450 1145
1067 1848 380 1416
162 1079 412 121
1867 415 655 715
527 538 1195 1326
1840 1705 1361 1745
1891 1813 1023 1822
678 99 522 224
1940 187 158 227
815 1098 1734 27
516 359 1901 886
327 1976 80 48
590 238 1303 861
1743 1129 550 1554
817 1783 1232 1701
1967 1017 1027 511
1202 447 1333 1515
326 808 782 800
55 592 1880 1181
992 959 1631 110
941 43 1002 584
1869 1078 1128 952
472 858 273 77
1124 1542 1814 233
573 1888 7 284
1603 1242 1966 1946
1556 1073 1126 1584
944 1725 1635 1271
1695 465 156 1380
1381 832 497 1095
1484 1171 791 955
1904 327 473 1953
1629 1278 1914 3
1892 37 1336 1220
917 168 1471 911
610 236 1076 35
521 161 644 875
1654 1427 22 846
1137 1444 1637 164
1764 1194 336 1684
220 1771 1337 280
986 775 231 803
487 1201 996 1569
154 549 712 677
1982 686 325 336
1323 63 302 542
1611 989 493 693
1010 569 170 235
837 287 73 1187
186 1439 138 1228
1275 93 710 1164
1858 642 364 1040
1308 1105 1584 1346
413 1711 1295 767
1743 1062 1722 1359
289 930 652 1872
1063 431 471 536
1969 673 1697 849
1821 1724 1520 803
618 273 1981 345
653 1511 839 1289
1825 1640 811 1421
474 39 506 253
1280 1178 921 228
651 694 1187 770
114 1840 162 1553
1823 1399 1630 1909
408 1903 266 1314
456 491 218 324
1295 322 1550 437
1722 1984 284 615
369 921 440 74
1520 1476 204 1344
1293 273 1769 824
304 1877 1479 236
1779 1922 865 658
1131 1852 1328 1584
1882 1435 31 57
120 1749 1087 1674
1678 984 47 1115
189 1012 779 651
670 120 1150 713
1685 106 1298 1644
1286 1271 1278 406
1550 303 737 1760
545 1790 1899 1659
94 740 406 1541
1168 1180 1950 1371
1016 1132 1107 1313
834 1692 1689 650
1473 1338 1553 1043
1790 150 863 1067
475 171 315 48
781 1337 1436 1937
618 928 1396 1297
1507 829 204 1733
1678 1686 479 614
1517 1587 1163 1221
1705 966 749 1933
648 1663 1800 82
62 569 436 1264
1783 782 530 281
9 1836 977 1095
1778 1743 187 609
728 100 1142 665
551 500 427 1762
876 889 694 1982
371 189 1033 752
542 675 518 708
1275 1096 1160 750
1996 1763 1270 323
83 882 117 468
1329 363 614 1758
1702 1993 474 57
434 811 861 1538
252 1026 1083 375
345 1932 878 1302
1372 659 197 22
1756 869 1453 974
952 679 1211 769
157 1378 1131 1671
941 977 234 614
876 809 456 868
1940 1387 1333 141
1771 1572 832 1262
602 871 1382 321
750 1074 5 383
1601 392 255 947
983 111 840 695
641 1621 1183 1375
288 474 489 1125
165 1351 836 180
645 507 725 1886
750 952 1919 17
167 86 125 910
361 947 663 1221
1091 969 401 1425
1195 893 335 671
1040 330 1250 990
677 823 771 1239
730 641 225 664
1253 162 1999 1639
1394 637 391 883
739 1990 1013 895
1169 1923 1777 1811
1001 663 1716 593
959 622 422 1463
1709 1221 997 1854
158 1603 1567 181
216 1756 784 1751
1688 1672 911 825
1242 288 20 1941
580 1892 987 1668
252 1857 296 1358
1781 1422 1 1855
287 1071 1140 926
1505 79 1516 1075
1444 1689 1574 1571
545 1274 881 250
1222 1244 615 75
1474 546 30 802
1977 1809 13 750
1335 282 1008 39
1066 1887 857 935
447 302 1191 1119
1961 357 969 674
809 825 768 958
439 961 1998 970
1963 146 873 1080
1571 1820 1211 178
1167 604 1624 1762
408 286 321 398
1864 1660 1966 526
1523 1776 1288 1306
1603 107 34 1380
407 405 1295 378
1734 178 293 1359
484 1282 1018 247
1076 352 731 359
244 525 1868 10
1465 1641 1909 1631
907 388 1358 1413
1386 462 1353 304
1581 402 1235 1792
1909 1632 347 888
909 1285 692 1577
424 1945 1874 1122
765 1390 500 648
1807 679 1567 335
1589 247 113 1223
476 1451 303 86
114 987 1012 5
791 860 574 262
1495 807 855 1131
1854 412 1888 1473
1545 1848 207 81
568 1141 723 1875
849 159 1298 876
592 1854 1173 644
1692 1624 956 1824
991 313 1545 1523
578 769 568 79
975 1018 1105 1701
1181 14 1980 490
980 208 1092 1373
1114 1689 1895 578
1690 700 458 1017
819 1673 1214 527
1370 325 1127 1795
132 896 450 457
1868 1139 642 1382
139 962 543 621
1309 502 1856 1798
855 1401 1943 1376
388 1734 877 1550
57 1360 308 120
930 1677 481 807
433 1778 971 1836
1450 885 81 128
1514 1061 179 692
1128 164 1141 493
703 1024 1994 216
1168 1481 1936 1241
577 1406 1103 347
1995 1998 1372 1630
497 1001 54 1231
508 368 923 142
816 576 1100 1339
179 429 1463 1692
997 1293 101 804
1119 838 517 345
914 48 84 1669
1103 925 1938 722
1485 1052 1003 882
1201 89 1596 209
1796 262 1696 971
1900 598 572 203
98 1480 1168 157
456 1426 792 875
639 1852 1462 234
795 1338 1720 1216
1313 1185 1325 735
1866 1737 354 1702
366 1801 1270 267
263 1495 1606 1123
785 84 524 1413
570 692 887 1983
1543 415 1813 1670
1003 1985 848 332
153 844 1378 227
947 1665 1191 322
515 657 1937 217
627 15 1583 340
1515 977 783 1105
497 1208 227 1899
191 1517 1943 715
1223 336 684 493
1035 1251 1955 189
1739 225 439 549
855 547 1241 42
1980 927 1831 1253
299 448 1857 857
1558 199 985 1134
1270 1856 966 1734
688 330 733 1012
395 943 14 1230
840 202 723 36
156 1966 1993 1656
376 634 301 1710
1557 950 1255 1118
1934 174 338 305
1104 1965 729 1441
1824 1666 1770 1054
560 411 403 1983
681 920 1120 883
1591 275 1154 332
1607 1294 1590 445
1809 1273 1026 1097
1920 1889 554 1949
766 1129 1649 1467
960 1557 22 372
1000 922 1835 1688
1864 584 713 1665
1838 1196 1601 1881
268 1572 129 466
1658 625 941 1972
729 206 1410 1126
826 1427 1343 34
1492 288 30 134
350 1796 332 1876
1694 176 108 1548
555 1034 1407 50
865 1973 413 1149
1645 598 1140 873
1079 1988 1665 1104
993 1995 1620 1390
1485 101 1025 1869
242 1954 1279 884
1107 145 1363 1135
970 948 723 263
1239 438 1220 419
106 782 204 1057
1285 917 1583 537
79 1625 983 1192
1884 1539 460 1508
1557 1298 842 1794
618 1066 1800 1285
510 1882 1667 535
1065 1016 1340 1614
305 942 381 726
713 36 1514 1697
73 338 64 1373
311 385 1247 523
921 916 774 232
16 1647 983 1441
1385 1580 128 1190
974 1440 1997 1251
1947 398 1963 1843
1640 1992 1365 295
1910 1953 1379 1346
358 191 448 501
74 1619 475 915
1991 39 666 781
562 149 1690 1691
1383 1496 1140 1761
1498 853 1081 1186
1683 1706 674 723
992 539 965 1709
1569 787 427 35
1381 1705 1879 1670
85 942 926 1397
1588 1597 1831 1531
1832 973 1662 277
1454 1259 703 1081
805 135 1 950
90 1321 1177 613
1506 1088 431 995
483 1982 764 193
1123 1321 710 282
1542 393 519 1878
829 1884 1377 1568
357 1199 32 127
738 66 430 321
810 1468 1685 1089
246 1074 1936 537
1289 589 1257 808
116 705 466 1613
1179 457 1530 676
438 334 392 1837
1676 1370 508 1964
868 360 1876 1958
1721 1778 1297 1563
1410 236 720 605
1971 1715 1706 712
887 680 1742 1247
1896 1421 1992 662
315 216 853 1484
1118 1761 1176 264
1535 1524 1227 708
1859 720 928 642
487 1223 492 14
1633 1331 1914 1598
51 1388 1145 234
795 874 192 1618
1494 393 1101 1612
1761 730 222 490
779 1276 556 1526
547 1627 1774 1586
924 965 1576 1197
1317 1098 1921 582
1471 690 1246 1041
350 1754 1389 1194
1581 1914 1790 1028
1279 1699 1717 1712
1930 1075 1976 1479
1199 1188 1853 1431
945 557 1503 1405
1299 1124 561 359
747 291 1718 430
1801 391 1861 1509
1203 55 1765 1746
948 1802 1932 1725
1613 375 652 954
1085 641 936 1100
695 464 64 741
244 1818 1456 1973
1646 1732 1928 812
121 1137 373 1146
1264 1565 525 403
585 1842 964 2
741 124 831 768
1755 66 327 600
1926 1722 1117 242
1518 324 146 1829
442 970 1115 1825
275 827 148 1458
189 394 1381 1108
580 762 1034 1612
596 1228 1198 1029
716 727 380 573
933 878 1655 807
1089 338 618 704
678 427 1068 1737
378 1438 1370 1343
1855 1648 1834 1929
584 1627 341 1833
1884 751 1177 1793
1401 1691 167 892
1253 440 134 1486
1806 1799 930 1996
713 1056 1316 1968
123 1465 437 228
1913 656 177 1657
1776 555 788 789
1846 81 1301 283
205 623 1457 384
1215 895 279 1616
1072 1173 237 866
53 1777 1781 1456
1172 1754 118 538
142 1293 880 1669
747 588 1634 901
1921 1333 1125 342
568 1462 171 274
1847 402 262 753
696 1663 1823 1670
1585 1804 1583 1946
266 1996 1789 1068
285 540 365 191
3 585 1755 386
1946 624 1449 1623
146 1857 1025 154
653 1531 1806 208
1756 572 465 1006
1025 142 1030 356
1032 1052 564 1057
1805 1032 1893 346
1072 1989 1669 988
85 1218 1392 1560
1903 104 600 1521
861 1869 915 1417
435 463 1208 758
1265 113 1918 1198
996 1961 269 1972
110 1115 207 255
777 708 841 354
1748 1032 1354 1551
1737 1539 1510 1206
1671 1185 696 111
893 1506 1888 593
1773 1883 1833 775
114 369 250 1920
551 793 924 370
1532 273 1847 1278
433 873 1443 561
682 116 1267 1333
221 1081 758 1186
882 329 1124 1541
1797 1434 771 1858
1122 1638 901 571
152 1205 770 123
501 699 454 1138
459 36 769 779
770 1526 1006 59
705 1532 667 836
531 286 1049 7
1579 844 1123 591
1646 476 1666 1470
128 769 114 660
377 1526 1389 1246
235 363 194 1118
1549 637 1677 1491
1030 35 671 1573
1204 1227 1546 387
1516 992 352 1329
684 976 834 276
105 955 793 246
1385 668 788 66
1621 1886 1324 585
927 939 1036 831
1683 55 1664 1477
1644 1038 1420 573
496 1967 1895 1725
1477 1437 1272 1983
1773 1939 414 1194
946 916 1053 1051
208 1595 1352 1792
1767 1851 1761 1658
1739 1267 699 584
105 912 361 365
482 609 21 1834
1954 387 1547 119
1634 1460 1989 1375
891 1561 984 1055
250 1552 1108 1434
455 688 1314 814
271 1520 736 248
267 117 1388 1823
1679 1969 529 527
521 144 1616 660
1908 438 275 747
432 446 180 41
751 1427 736 320
232 1999 1808 1629
241 950 1977 1567
517 504 880 1343
138 953 583 377
624 1561 745 1729
1749 1739 579 469
140 1254 1780 721
221 300 862 489
409 1798 917 818
1851 276 1319 1025
1280 471 1723 878
495 994 1918 1110
238 435 1600 342
478 905 1150 390
1349 738 590 1720
1191 1906 720 1787
570 1509 543 1535
1991 1134 1100 612
1502 992 668 664
394 1922 1073 295
1040 153 1956 529
1301 854 888 77
1357 1878 1830 24
64 1759 319 1443
1266 106 1492 172
342 1755 1383 1900
527 772 1981 1137
1166 1938 799 726
60 1588 271 1925
1594 379 1817 853
911 442 1652 1265
1908 1680 1654 882
847 781 70 436
1036 1850 2000 76
1894 1706 1160 621
1334 1384 65 1634
1210 1576 1212 1166
1239 145 1083 896
334 1093 557 731
432 557 1337 1661
1257 1811 662 1798
272 1050 1053 1464
597 1677 133 1945
76 1905 433 177
1609 1985 1707 1839
1754 903 1233 909
1117 409 313 605
773 1997 68 1934
1250 1616 1989 1846
24 1932 1448 1385
772 1746 1154 1619
852 587 494 1682
1476 1110 441 272
298 1103 1698 1029
416 1316 533 567
764 1877 1533 317
375 1365 1850 455
986 443 279 292
648 89 717 1190
1518 524 452 1920
77 1133 1912 1354
862 1541 452 899
132 255 1664 1417
1621 152 690 414
973 1762 1768 1711
1 1318 1693 287
864 639 1877 570
1808 1076 649 504
434 11 70 157
1356 1536 741 681
1459 1896 636 1813
1347 1780 1580 827
1420 476 233 1679
1654 474 402 1602
442 1208 1404 1444
1174 836 1750 309
984 205 1816 1394
1998 755 1894 243
1957 1133 368 268
1144 1287 1069 221
1024 1458 856 1651
1210 1953 760 466
1001 544 1815 324
172 631 854 1088
123 940 353 1453
996 719 239 1513
1213 733 1606 903
148 1883 536 159
1142 316 1764 1610
377 1347 1679 528
1681 859 109 265
217 1271 591 1865
1172 1207 820 720
1516 621 470 1313
503 1274 1078 1922
64 1429 1462 394
1303 1437 403 29
1267 1502 762 373
1053 1831 1420 1098
1753 1724 1928 1458
625 1668 492 413
1984 814 640 16
1321 1581 1861 1858
1529 1714 250 1092
1269 1096 535 290
1254 649 1539 1693
1995 851 1951 1049
333 1060 1242 460
1188 680 1360 1438
1945 1320 1340 1184
545 660 1906 190
851 285 617 400
1557 112 1513 639
183 1986 1562 1858
522 1923 1870 1563
278 1342 838 1700
1990 554 1065 988
1644 1346 1962 1655
803 1933 1356 910
1199 1356 985 1147
186 91 1245 1120
1964 1049 515 753
153 1166 1478 1126
1587 1911 1132 1008
1199 1127 1837 1781
1548 41 620 80
915 1149 1763 1940
1522 1910 1962 159
925 1612 82 1891
651 1952 1569 1202
28 1897 674 1995
1936 1374 227 104
1852 712 1367 1220
1593 1491 13 1749
1987 464 1881 496
1464 1712 1252 215
1819 372 1933 1560
483 17 1937 689
121 1931 721 1642
1629 1537 143 710
1795 1793 1894 1470
607 938 1040 1012
739 265 179 1084
1446 804 1029 1789
1227 496 1987 1820
35 1635 1249 1478
1286 1498 1977 1847
1549 194 852 910
968 566 1730 1149
753 1847 140 1121
561 620 376 156
1397 1343 1264 1736
1675 1487 1443 1258
1108 1863 907 1167
1402 1205 460 1047
1916 1093 588 1522
1378 1818 399 188
531 1402 98 818
1477 1386 1552 820
717 1174 1993 664
1404 1421 670 520
1093 1938 1772 923
465 870 1532 971
945 59 1720 1834
1486 734 577 76
1261 1684 1918 1559
294 902 699 368
738 1951 1047 1354
1220 1731 914 309
513 454 954 1674
629 874 171 1600
1027 405 63 392
1610 396 1932 445
383 1896 1331 716
308 1684 1082 1933
900 1360 1931 1047
1078 1611 1147 1468
451 215 349 434
1007 778 399 520
1015 1505 1228 1702
416 978 467 1403
1148 1129 1597 1947
1347 694 705 1393
1477 1919 1367 1288
1185 1000 242 828
1839 1802 931 1156
117 1802 1342 1579
1046 1388 468 872
356 478 1091 47
728 464 1368 1447
1504 1633 1763 195
1931 1204 1217 628
1395 86 1363 529
257 125 1562 1476
1070 58 373 56
1395 828 746 1339
530 33 1406 1537
1241 1047 523 72
8 575 793 1826
95 575 16 1148
132 562 838 1707
1829 525 1157 731
417 352 528 222
1561 1260 347 1562
1987 89 1559 1076
1377 611 1994 847
1852 721 668 1662
1177 875 453 1770
1768 1350 1984 1619
1633 702 1795 1058
726 574 1948 1668
837 1509 1675 165
1650 1350 904 1525
1066 310 483 691
183 1789 505 1142
812 864 209 530
829 758 4 702
297 390 658 1130
1248 185 1919 98
805 826 61 1914
504 1942 93 823
385 1501 1767 1322
505 1011 1657 1838
466 1652 147 1757
444 1485 1810 1353
546 1489 1810 1232
1674 1632 297 341
772 1309 945 544
778 358 797 361
1476 1171 1947 725
1363 159 1751 860
1468 612 851 804
1249 531 1754 1466
76 1573 1262 1452
1198 1891 390 1279
1599 381 1361 1544
1828 1636 874 1045
1060 1453 420 1019
714 1056 341 376
1965 284 1061 1122
202 1913 165 1859
1905 582 122 1203
1280 32 1112 484
1086 1314 175 1559
1487 1416 902 870
1083 1730 420 1101
980 1522 525 638
835 929 1594 1669
1558 538 1021 57
785 1718 1748 301
667 1921 161 922
1336 1873 1429 278
1750 1492 1020 1707
1447 480 1319 445
1638 1874 1839 213
1944 2 844 631
1805 1661 1795 923
1180 1670 1837 1021
997 1031 1201 514
379 140 1452 455
1897 129 582 101
1392 962 100 1016
1086 1604 401 835
395 1377 1273 670
401 1406 1170 995
817 968 847 1645
505 891 1627 1862
672 1566 431 1050
1305 1842 421 554
1521 1215 107 1708
1145 834 900 137
969 1897 1384 52
1479 380 821 373
1791 1342 813 1039
1723 1879 7 1804
1842 320 1475 892
784 596 733 1726
1267 194 1888 1612
179 1719 1672 1720
872 949 515 1007
599 1817 495 1407
628 688 844 133
257 814 1041 109
1637 1480 1678 553
1658 1636 210 32
42 155 1829 1899
1410 1570 270 88
144 85 1618 1310
309 736 1609 148
1320 1226 1302 131
160 1988 245 342
1505 353 1094 106
1900 60 1211 746
1340 210 245 1230
1039 550 1850 1302
122 1971 12 443
1429 927 1978 449
841 492 1052 1151
884 1039 1349 317
1470 1243 436 575
776 21 116 1109
1807 366 1329 1408
1077 195 82 454
780 1865 797 1254
580 937 10 934
349 1219 1950 9
897 1827 1970 1934
1626 1714 341 1207
97 1684 1911 317
1418 122 1636 272
528 741 1257 312
1278 528 1916 1994
1871 1332 1136 1650
439 1546 540 871
400 1206 195 260
119 1663 1350 1453
407 1956 1416 1988
1364 295 258 1789
995 1207 1890 1897
1374 1112 196 313
1245 745 451 1652
1365 209 1158 1190
1438 177 167 202
1326 392 1573 1321
1042 1151 34 1604
592 1529 1860 1083
1474 94 1045 127
1259 1022 1552 934
877 29 817 722
698 1497 203 339
1144 1395 757 214
214 1593 1649 1965
11 862 1890 1597
540 1784 237 556
331 794 1722 1296
1880 564 1299 1360
131 887 397 620
709 1315 1680 451
1136 175 228 745
1216 1533 367 1256
276 1051 473 1495
916 1097 190 1790
1070 1926 928 21
759 1751 1578 1679
357 1731 1147 1723
1039 141 1375 1827
147 1474 160 155
1636 579 680 1335
352 1140 1148 1466
711 379 1718 1208
848 1835 913 1416
149 645 117 184
1590 1585 1988 1028
1853 1009 580 1022
973 1048 706 1024
1193 453 867 260
1736 657 675 1948
379 330 575 743
1566 270 541 1736
972 680 856 761
744 470 419 566
1942 1312 596 1288
213 1863 1759 1941
85 50 1172 675
1144 209 1499 1702
229 943 97 1565
1862 1866 1608 274
702 1708 1620 1898
1613 1327 167 1900
1290 918 1185 1911
468 1929 366 119
1618 658 1623 118
1902 908 386 623
1556 1815 1682 1219
1461 514 1319 1213
360 820 203 304
48 848 478 1037
170 1322 514 948
944 1019 822 649
634 229 150 813
98 92 238 490
1237 360 1522 1132
1350 1439 1560 1212
122 1919 1626 1077
963 308 367 21
810 272 1059 803
1742 329 1635 112
125 1174 1605 592
1772 158 913 1510
1174 110 1850 1741
1466 56 238 826
943 1547 285 619
951 949 1752 1317
1419 1551 56 1283
534 1639 940 1748
93 181 1785 1923
262 1573 405 1252
1676 1638 1788 1058
1055 50 1376 1757
133 1290 1035 270
1712 1729 320 1114
1589 1212 195 306
826 1828 113 60
1817 1048 351 1440
213 1666 63 681
981 405 754 822
107 1709 547 1211
454 746 1319 1296
293 355 1624 1017
1111 1253 1158 929
1553 734 460 382
1962 1594 1782 447
323 217 1355 790
1681 1334 799 1094
969 553 1078 522
1779 1368 1877 249
1922 1529 719 828
1788 1002 429 513
1841 907 1729 913
251 1951 1244 1567
1869 1097 1887 1650
1693 1236 793 453
333 1738 1505 61
229 859 687 224
831 1059 1152 1735
640 799 1215 611
1413 951 397 19
1580 1015 1606 704
1065 1206 1727 1925
1660 1308 397 1432
1637 1111 343 1865
1192 873 943 1564
1315 593 1296 887
1797 1069 1814 496
1464 857 402 228
170 1687 810 1596
1827 740 173 868
1331 1287 1294 1272
1336 337 978 1449
1190 659 428 1662
805 866 1165 70
1116 388 1802 24
1139 1450 1292 436
112 790 1549 1048
1266 663 1277 1466
1109 913 173 397
797 559 348 512
1435 1284 1369 286
320 1625 286 1290
811 1443 1089 175
1014 1406 1653 1580
298 619 984 1912
1607 1011 1355 1908
1388 1563 1708 654
612 655 1289 1332
1810 972 453 933
388 531 220 867
316 850 1950 1005
629 1799 1784 265
687 1592 1959 1844
1518 667 1969 761
1863 1592 617 1027
292 421 1377 277
1180 486 522 349
978 410 1272 1653
903 1018 349 1680
1638 1472 783 761
370 1536 931 1668
1544 754 361 1856
380 160 194 691
1152 1357 874 960
938 1673 503 1709
1659 241 503 337
1198 1779 1240 464
698 1159 49 1418
410 886 1336 1729
1192 1467 1244 118
28 1611 582 1379
571 1250 154 787
1014 1855 24 1497
1990 1727 479 1009
1556 1019 1193 311
921 948 828 595
429 1964 1974 629
1229 751 80 1826
1566 1327 1948 366
489 490 520 1099
1950 1371 1093 957
879 1059 808 319
797 1193 1431 441
1139 816 744 322
1386 1939 757 1873
1585 418 407 744
638 960 1830 22
1437 1303 940 588
1164 501 1448 1102
49 1511 1165 396
1292 306 1045 1042
1763 1111 1773 1238
1564 190 1687 1459
757 412 278 1053
291 1815 1952 140
1844 95 1566 1063
19 1248 733 805
1091 871 1170 783
1574 350 706 430
344 1717 664 1737
170 576 543 645
1871 699 69 1489
399 1486 944 344
859 689 590 995
168 871 1620 1287
1101 1028 1133 1881
1000 1649 1268 963
1240 647 327 892
964 154 1246 1978
445 914 1225 1351
359 283 860 1735
1277 1866 875 1990
1234 1871 1486 337
1648 1363 1016 292
1920 1482 787 1862
1788 240 1467 503
1817 1364 1821 1335
1061 1917 259 1367
1592 1714 1788 1875
1881 1665 1826 164
31 1610 923 1149
1887 103 1067 1895
1156 698 260 1602
310 583 97 1287
547 866 45 185
278 1152 1556 583
1391 1490 1891 217
1209 640 1379 1821
1896 417 1153 632
1236 1594 423 1043
343 1813 1830 1867
1158 45 1373 1898
946 1772 819 767
831 1536 384 265
1043 748 1404 1578
899 534 864 1308
1152 355 931 432
1623 1910 925 1830
155 1398 1564 1475
958 1170 1524 886
629 1483 33 1026
1327 1035 1182 906
389 523 545 1103
6 1446 1084 432
87 1599 267 1564
717 544 1383 1109
852 1851 950 918
526 312 1643 1352
709 1494 240 1820
32 900 291 1633
1605 761 836 1504
857 1398 1547 1890
1084 212 1595 314
80 925 993 908
866 1605 975 1717
867 1521 348 1821
1359 1116 1196 1501
957 372 1075 1442
331 1812 1170 576
695 1204 1352 1910
258 796 31 1104
1534 1613 534 89
1112 298 147 196
1717 192 936 323
583 1315 371 1051
634 440 1212 689
1288 536 1800 1917
1738 1386 1611 1838
1750 994 1036 1266
1578 413 1549 689
1657 346 764 688
171 67 1774 784
846 451 69 1325
1454 1664 1568 444
1283 1196 1478 636
1719 184 62 1234
1738 462 1067 4
1099 1193 1860 994
1673 1035 289 124
605 260 1912 331
155 193 1687 83
815 247 936 1478
38 1682 1419 1041
534 1653 1056 174
1283 1334 1558 1608
1925 1318 960 158
1458 1500 1153 1944
1240 1164 900 1206
258 370 134 314
1068 1602 521 1135
306 1446 633 66
1547 1939 428 1643
1597 1305 1592 1029
382 1873 291 67
543 1232 1449 1135
1266 630 603 1959
450 1599 45 1797
384 906 1862 1785
785 1432 367 1373
843 249 283 141
411 1448 1568 1457
587 119 1994 1196
936 1341 185 1284
1153 993 1426 110
251 1209 1599 645
565 1129 846 1482
1213 196 577 371
1235 1873 601 1662
653 52 1294 672
1565 856 751 339
462 1284 1084 654
628 784 224 523
192 833 1641 1318
616 222 1489 243
1017 423 1586 621
1157 6 711 1175
124 1411 290 691
1114 316 1521 1807
197 1874 312 538
1929 837 1673 1324
1284 1159 115 1263
312 1969 1402 1931
369 519 565 31
51 1324 1371 1678
1874 1568 822 1797
404 760 1984 1037
1435 1860 1037 556
1102 123 212 1281
1370 197 1774 389
143 1757 1277 430
1805 660 367 1626
1925 755 1310 1341
1871 475 469 574
1650 51 1851 603
336 192 1964 33
38 748 67 636
263 1071 370 1351
53 1958 1501 469
334 1497 1721 1558
856 579 632 1265
131 1960 1494 1059
1418 346 396 509
1277 1782 33 356
683 96 1487 1783
1130 1283 4 841
1182 166 1944 1234
1383 1944 1974 1958
590 1544 1165 390
443 494 1585 258
27 104 552 1432
463 553 654 1071
764 908 441 1772
441 212 1534 1959
1411 888 1777 834
244 166 1687 1094
1464 1341 1297 1540
695 92 846 683
1929 1236 150 1777
796 1036 1005 1866
1827 1106 554 220
1326 800 894 52
131 355 456 1291
899 967 1268 25
885 1002 1968 411
1875 801 1339 1065
1318 994 1393 2
1726 1229 653 46
953 1005 1431 728
630 283 1490 787
1586 82 419 1433
958 1064 174 1540
1700 894 1759 892
1225 1305 329 314
906 1411 1607 1890
788 1926 2 1676
654 1812 1064 428
587 1960 1099 1218
1369 129 429 1810
115 691 400 1371
953 28 103 576
1324 1097 1009 243
1497 1490 1640 801
150 1812 633 247
1939 1700 1614 767
601 1258 1312 1472
67 27 87 165
1562 1811 109 1113
351 357 755 1814
143 1447 1165 1433
1952 1960 1658 124
800 95 918 339
1898 396 362 404
1209 552 1026 292
1519 239 1068 632
1534 526 1641 636
240 894 595 1579
1326 986 772 1073
1111 1099 603 1841
92 1952 148 61
256 868 1768 1073
411 1238 1472 1542
470 83 982 268
879 833 404 344
1786 62 1680 1841
190 767 1433 611
290 1237 389 1225
601 659 1799 626
1534 1841 1018 174
421 1721 46 1399
259 1960 850 1009
1457 513 700 1218
427 626 1519 1291
1151 886 107 143
899 1113 626 400
982 248 1151 521
879 96 517 1683
1431 1867 1482 1325
1237 1102 1898 571
245 967 1752 52
344 595 1238 1138
1905 616 1953 1958
1113 389 1779 1312
201 1145 417 351
362 631 1229 369
1433 1867 1369 1058
1640 423 1312 268
1243 249 1899 801
571 1225 243 1082
591 1519 1700 137
1376 237 1542 311
513 794 311 595
201 1759 92 1926
237 417 601 256
1524 164 6 1768
1752 6 1524 1238
137 161 323 418
351 115 58 1957
1623 245 843 963
115 544 1393 1654
201 53 42 1551
1659 168 1804 452
563 1243 314 565
267 1533 239 329
1721 25 1811 62
95 452 1197 418
137 1229 630 982
201 88 1258 1011
259 734 1584 1376
87 818 53 161
794 577 1154 1490
1595 982 1252 552
1263 1304 1159 1252
837 1304 1235 103
185 1154 102 794
1440 450 87 1291
42 450 563 1159
256 563 102 1263
1440 1263 885 88
