636
3
462 213 235
594 240 390
BDADAACDCCCACCAACCDBABCCADAACCDBABABAABCCDAAADADBCBDACADBCBBBCCDCBBDBDCDACCDDCCBABDABBDDDCBAABBAAAAABBCACCBBCCBBDDACBCCBABABBCABAAABCDCAABDCACDACADDCADAADBCADDBBDABADCBCAABDDCABBACAADCADBCBADCDADBACAABADBCDADCDBAABDDDDC
622 166 170 319
448 372 573 421
590 196 420 4
28 195 554 337
342 595 526 469
531 3 22 569
142 82 66 287
581 193 468 327
69 419 543 417
567 517 152 610
328 116 19 24
339 351 6 562
202 156 70 313
93 88 108 401
57 491 239 71
162 225 80 493
566 37 527 62
192 403 383 340
229 67 55 263
448 372 573 421
530 363 248 177
590 196 420 4
396 86 630 599
229 67 55 263
180 625 606 257
619 553 509 553
431 523 317 154
362 268 138 466
194 496 510 214
431 523 317 154
539 77 105 115
45 178 489 8
180 625 606 257
261 572 358 91
544 437 14 343
360 446 533 516
583 131 300 43
97 145 121 546
291 514 128 414
607 309 33 25
99 36 316 335
587 87 126 576
555 380 204 529
352 451 175 21
581 193 468 327
119 346 452 109
364 253 46 540
567 517 152 610
315 26 60 60
12 322 585 476
567 517 152 610
607 309 33 25
524 495 101 636
478 185 302 574
265 207 81 494
125 289 571 290
605 233 456 612
187 538 453 213
458 224 536 224
619 553 509 509
484 623 393 542
583 131 300 43
192 403 383 340
575 210 160 504
230 32 95 75
167 276 301 242
265 207 81 494
129 547 269 7
345 155 519 513
249 598 618 518
605 233 456 612
99 36 316 335
238 158 600 602
181 457 118 423
45 178 489 8
448 372 573 421
79 520 56 394
471 465 137 174
125 289 571 290
549 603 227 246
407 226 304 377
167 276 301 242
305 146 355 534
391 449 89 318
544 437 14 343
223 113 411 29
408 171 74 400
480 54 384 427
429 486 508 1
460 205 617 139
172 474 260 232
10 48 371 51
480 54 384 427
481 608 228 143
45 178 489 8
333 314 243 298
148 500 254 432
556 234 412 354
360 446 533 516
435 274 64 492
506 65 252 537
57 491 239 71
435 274 64 492
365 356 497 413
79 520 56 394
391 449 89 318
197 72 221 41
480 54 384 427
367 90 430 215
615 426 149 579
296 59 311 59
212 559 381 39
194 496 510 214
586 341 592 525
79 520 56 394
229 67 55 263
563 479 560 560
613 294 122 450
367 90 430 215
396 86 630 599
148 500 254 432
632 521 336 459
15 386 102 398
129 547 269 7
306 627 49 306
408 171 74 400
162 225 80 493
482 406 404 165
142 82 66 287
97 145 121 546
555 380 204 529
236 42 512 438
292 168 395 626
333 314 243 298
241 402 191 382
481 608 228 143
295 477 47 545
577 522 92 485
620 31 374 201
481 608 228 143
241 402 191 382
167 276 301 242
472 532 199 389
391 449 89 318
148 500 254 432
275 111 614 111
85 219 164 35
325 323 247 83
281 270 250 266
236 42 512 438
369 425 53 259
588 368 153 580
373 308 271 13
114 424 159 558
551 68 218 124
249 598 618 518
192 403 383 340
98 629 444 410
586 341 592 525
483 144 84 106
615 426 149 579
549 603 227 246
484 623 393 542
544 437 14 343
499 552 416 405
604 442 593 609
258 27 30 272
409 310 303 112
328 116 19 24
604 442 593 609
181 457 118 423
507 591 515 616
561 385 107 334
295 477 47 545
530 363 248 177
435 274 64 492
73 490 293 277
581 193 468 327
23 251 120 366
179 434 312 332
613 294 122 450
428 50 568 320
471 465 137 174
85 219 164 35
349 376 541 151
484 623 393 542
136 94 140 348
615 426 149 579
278 61 163 186
69 419 543 417
244 133 387 378
222 418 284 34
262 422 237 463
20 2 76 256
362 268 138 466
28 195 554 337
99 36 316 335
182 370 326 436
280 189 584 357
273 350 578 388
539 77 105 115
249 598 618 518
182 370 326 436
200 338 209 206
620 31 374 201
273 350 578 388
407 226 304 377
18 157 63 439
273 350 578 388
483 144 84 106
69 419 543 417
291 514 128 414
136 94 140 348
20 2 76 256
460 205 617 139
220 267 601 501
15 386 102 398
129 547 269 7
544 437 14 343
279 198 570 203
99 36 316 335
261 572 358 91
194 496 510 214
628 217 123 462
549 603 227 246
467 464 78 183
110 161 502 188
472 532 199 389
265 207 81 494
45 178 489 8
365 356 497 413
507 591 515 616
321 9 211 190
631 633 487 173
361 208 288 528
587 87 126 576
379 329 117 117
98 629 444 410
605 233 456 612
187 538 453 213
244 133 387 378
258 27 30 272
535 470 286 503
292 168 395 626
328 116 19 24
110 161 502 188
305 146 355 534
73 490 293 277
331 299 17 282
134 324 455 96
396 86 630 599
230 32 95 75
119 346 452 109
325 323 247 83
132 611 283 150
448 372 573 421
179 434 312 332
431 523 317 154
524 495 101 636
507 591 515 616
172 474 260 232
379 329 117 379
265 207 81 494
361 208 288 528
407 226 304 377
134 324 455 96
279 198 570 203
577 522 92 485
142 82 66 287
134 324 455 96
202 156 70 313
431 523 317 154
11 635 245 169
575 210 160 504
296 59 311 296
258 27 30 272
238 158 600 602
484 623 393 542
182 370 326 436
278 61 163 186
134 324 455 96
566 37 527 62
236 42 512 438
261 572 358 91
241 402 191 382
375 399 130 38
167 276 301 242
18 157 63 439
306 627 49 627
306 627 49 344
482 406 404 165
409 310 303 112
238 158 600 602
632 521 336 459
364 253 46 540
458 224 536 458
440 104 231 621
535 470 286 503
566 37 527 62
555 380 204 529
258 27 30 272
349 376 541 151
212 559 381 39
467 464 78 183
275 111 614 275
315 26 60 315
220 267 601 501
202 156 70 313
180 625 606 257
212 559 381 39
458 224 536 536
23 251 120 366
249 598 618 518
535 470 286 503
619 553 509 619
360 446 533 516
114 424 159 558
429 486 508 1
604 442 593 609
12 322 585 476
69 419 543 417
339 351 6 562
305 146 355 534
333 314 243 298
305 146 355 534
428 50 568 320
262 422 237 463
229 67 55 263
563 479 560 479
162 225 80 493
566 37 527 62
23 251 120 366
535 470 286 503
197 72 221 41
360 446 533 516
141 135 596 285
362 268 138 466
273 350 578 388
531 3 22 569
222 418 284 34
454 557 44 582
184 511 353 147
93 88 108 401
315 26 60 589
551 68 218 124
367 90 430 215
607 309 33 25
481 608 228 143
369 425 53 259
11 635 245 169
531 3 22 569
530 363 248 177
85 219 164 35
631 633 487 173
275 111 614 614
330 16 127 550
278 61 163 186
172 474 260 232
361 208 288 528
597 297 498 397
18 157 63 439
577 522 92 485
73 490 293 277
119 346 452 109
330 16 127 550
396 86 630 599
460 205 617 139
373 308 271 13
524 495 101 636
428 50 568 320
567 517 152 610
461 473 443 255
202 156 70 313
539 77 105 115
97 145 121 546
369 425 53 259
467 464 78 183
292 168 395 626
563 479 560 563
200 338 209 206
291 514 128 414
244 133 387 378
222 418 284 34
478 185 302 574
197 72 221 41
57 491 239 71
292 168 395 626
11 635 245 169
280 189 584 357
359 441 264 235
429 486 508 1
187 538 453 213
52 347 433 40
125 289 571 290
409 310 303 112
223 113 411 29
440 104 231 621
57 491 239 71
97 145 121 546
181 457 118 423
480 54 384 427
244 133 387 378
222 418 284 34
499 552 416 405
634 5 565 445
499 552 416 405
467 464 78 183
181 457 118 423
212 559 381 39
556 234 412 354
194 496 510 214
631 633 487 173
330 16 127 550
482 406 404 165
563 479 560 505
634 5 565 445
345 155 519 513
261 572 358 91
345 155 519 513
28 195 554 337
461 473 443 255
379 329 117 329
613 294 122 450
586 341 592 525
524 495 101 636
281 270 250 266
478 185 302 574
12 322 585 476
622 166 170 319
460 205 617 139
114 424 159 558
325 323 247 83
607 309 33 25
23 251 120 366
575 210 160 504
428 50 568 320
93 88 108 401
587 87 126 576
192 403 383 340
365 356 497 413
361 208 288 528
307 624 548 216
132 611 283 150
556 234 412 354
342 595 526 469
597 297 498 397
435 274 64 492
461 473 443 255
429 486 508 1
632 521 336 459
530 363 248 177
367 90 430 215
136 94 140 348
352 451 175 21
333 314 243 298
321 9 211 190
613 294 122 450
628 217 123 462
141 135 596 285
620 31 374 201
132 611 283 150
15 386 102 398
379 329 117 415
471 465 137 174
295 477 47 545
577 522 92 485
471 465 137 174
262 422 237 463
184 511 353 147
375 399 130 38
295 477 47 545
280 189 584 357
132 611 283 150
507 591 515 616
187 538 453 213
339 351 6 562
364 253 46 540
349 376 541 151
392 475 58 475
478 185 302 574
472 532 199 389
499 552 416 405
391 449 89 318
52 347 433 40
10 48 371 51
622 166 170 319
561 385 107 334
296 59 311 564
581 193 468 327
238 158 600 602
605 233 456 612
575 210 160 504
549 603 227 246
407 226 304 377
506 65 252 537
20 2 76 256
330 16 127 550
440 104 231 621
634 5 565 445
325 323 247 83
279 198 570 203
615 426 149 579
375 399 130 38
483 144 84 106
392 475 58 240
230 32 95 75
103 447 100 176
622 166 170 319
359 441 264 235
20 2 76 256
85 219 164 35
587 87 126 576
551 68 218 124
482 406 404 165
103 447 100 176
597 297 498 397
588 368 153 580
331 299 17 282
551 68 218 124
125 289 571 290
141 135 596 285
10 48 371 51
114 424 159 558
506 65 252 537
454 557 44 582
184 511 353 147
583 131 300 43
18 157 63 439
200 338 209 206
73 490 293 277
590 196 420 4
280 189 584 357
597 297 498 397
275 111 614 488
375 399 130 38
628 217 123 462
230 32 95 75
136 94 140 348
79 520 56 394
119 346 452 109
369 425 53 259
52 347 433 40
345 155 519 513
93 88 108 401
364 253 46 540
148 500 254 432
142 82 66 287
220 267 601 501
110 161 502 188
162 225 80 493
129 547 269 7
634 5 565 445
359 441 264 235
362 268 138 466
200 338 209 206
631 633 487 173
352 451 175 21
586 341 592 525
291 514 128 414
392 475 58 58
197 72 221 41
531 3 22 569
392 475 58 392
458 224 536 594
342 595 526 469
583 131 300 43
588 368 153 580
12 322 585 476
590 196 420 4
182 370 326 436
306 627 49 49
172 474 260 232
461 473 443 255
349 376 541 151
483 144 84 106
408 171 74 400
10 48 371 51
11 635 245 169
281 270 250 266
373 308 271 13
262 422 237 463
352 451 175 21
555 380 204 529
278 61 163 186
339 351 6 562
454 557 44 582
408 171 74 400
373 308 271 13
619 553 509 390
28 195 554 337
103 447 100 176
454 557 44 582
307 624 548 216
628 217 123 462
184 511 353 147
241 402 191 382
440 104 231 621
331 299 17 282
223 113 411 29
98 629 444 410
279 198 570 203
98 629 444 410
110 161 502 188
307 624 548 216
321 9 211 190
179 434 312 332
180 625 606 257
472 532 199 389
307 624 548 216
588 368 153 580
236 42 512 438
321 9 211 190
632 521 336 459
296 59 311 311
281 270 250 266
103 447 100 176
620 31 374 201
331 299 17 282
359 441 264 235
539 77 105 115
365 356 497 413
604 442 593 609
52 347 433 40
220 267 601 501
179 434 312 332
409 310 303 112
315 26 60 26
15 386 102 398
556 234 412 354
223 113 411 29
561 385 107 334
141 135 596 285
561 385 107 334
342 595 526 469
328 116 19 24
506 65 252 537
