880
4
447 739 177 638
290 871 51 653
DBDDDDDBBABACCDDDAADACCAABBDBABAAABDCADDBABDCADBDBCCDABACDCDDABCBDACACDCBAADABDADABCDCBCCBDCCABDBDACCBDDCBDAAACCDDCCBBDCCCADAAAABAAAABDADCCBBDBAABDAABCBADCCADCDACADADBCCCDDDCABBAACDDCCBCDDBADCABDBACDBCDBBBCDADD
557 155 770 266
311 667 523 163
374 773 6 149
690 23 832 68
203 398 768 677
318 189 517 553
706 129 626 357
753 545 277 638
79 780 482 514
746 487 173 193
359 528 413 577
311 667 523 163
311 667 523 163
820 542 325 169
845 456 339 519
807 257 238 474
186 512 101 245
205 623 362 817
364 188 632 368
420 393 388 854
664 386 404 201
213 384 113 385
693 686 575 660
681 509 309 97
186 512 101 245
354 830 539 485
550 736 574 730
550 736 574 730
259 781 55 91
219 567 333 165
296 327 21 712
518 649 777 866
835 452 243 410
18 356 750 164
409 610 26 495
381 272 460 754
518 649 777 866
746 487 173 193
779 611 875 875
816 17 396 25
141 157 548 239
613 320 669 320
261 11 479 111
572 358 863 115
543 328 564 34
802 629 532 120
100 40 310 691
714 559 118 775
332 73 819 670
783 604 167 267
590 28 27 177
465 491 726 742
820 542 325 169
247 540 614 801
112 249 471 647
877 595 361 463
15 470 631 76
651 765 806 529
391 454 842 792
580 236 260 126
203 398 768 677
844 605 847 583
808 137 250 874
584 767 255 488
261 11 479 111
782 702 715 697
651 765 806 529
693 686 575 660
79 780 482 514
617 109 752 340
844 605 847 583
718 588 516 741
827 725 461 496
326 206 59 365
409 610 26 495
845 456 339 519
423 672 168 216
478 235 93 286
799 451 139 513
303 448 438 600
36 94 678 270
326 206 59 365
783 604 167 267
141 157 548 239
705 748 586 271
54 811 295 178
759 749 39 298
37 32 541 829
502 382 798 480
699 24 837 464
112 249 471 647
63 795 729 152
44 414 264 209
381 272 460 754
308 341 373 450
544 380 315 560
442 793 158 713
390 535 198 815
374 773 6 149
816 17 396 25
673 133 549 692
364 188 632 368
835 452 243 410
606 589 31 822
478 235 93 286
510 701 322 594
796 33 131 103
544 380 315 560
728 144 389 161
196 434 833 344
359 528 413 577
416 87 640 430
435 486 83 50
810 689 3 99
824 49 405 880
718 588 516 741
861 42 197 861
121 116 72 425
151 481 82 74
853 724 860 499
718 588 516 741
557 155 770 266
279 212 602 841
420 393 388 854
706 129 626 357
229 593 760 731
796 33 131 103
61 843 662 5
603 294 761 823
861 42 197 828
835 452 243 410
135 175 232 687
154 84 784 41
392 771 639 515
630 812 688 399
119 813 145 561
745 367 710 98
657 756 643 551
459 60 291 870
558 840 376 170
747 762 342 658
591 850 601 70
180 674 8 180
369 276 370 472
151 481 82 74
705 748 586 271
616 466 244 878
558 840 376 170
318 189 517 553
330 763 566 566
326 206 59 365
808 137 250 874
584 767 255 488
141 157 548 239
876 825 234 289
379 722 500 494
747 762 342 658
66 222 568 734
226 503 92 447
420 393 388 854
369 276 370 472
867 757 609 506
278 637 857 879
205 623 362 817
282 476 834 661
77 240 790 353
211 427 707 142
592 803 666 412
371 13 12 2
346 124 20 160
208 634 138 615
563 576 865 618
108 709 268 96
690 23 832 68
630 812 688 399
581 134 804 873
550 736 574 730
247 540 614 801
676 306 187 80
753 545 277 638
705 748 586 271
225 299 758 147
377 864 52 444
119 813 145 561
581 134 804 873
673 133 549 692
303 448 438 600
740 708 343 179
791 635 122 1
408 125 251 7
699 24 837 464
810 689 3 99
108 709 268 96
45 432 439 355
563 576 865 618
711 153 64 462
613 320 669 669
338 241 646 619
525 805 645 620
861 42 197 197
242 406 642 492
641 224 128 263
497 851 58 67
259 781 55 91
233 199 345 633
391 454 842 792
36 94 678 270
657 756 643 551
572 358 863 115
330 763 566 608
591 850 601 70
547 253 785 334
435 486 83 50
401 202 721 621
37 32 541 829
592 803 666 412
379 722 500 494
15 470 631 76
282 476 834 661
424 794 453 696
377 864 52 444
782 702 715 697
807 257 238 474
61 843 662 5
616 466 244 878
63 795 729 152
877 595 361 463
54 811 295 178
848 562 302 585
530 194 287 739
573 123 720 350
630 812 688 399
525 805 645 620
228 659 86 769
44 414 264 209
229 593 760 731
196 434 833 344
685 774 90 191
747 762 342 658
423 672 168 216
378 195 786 172
789 493 862 536
504 292 755 351
508 56 411 227
673 133 549 692
431 407 849 521
744 352 106 375
259 781 55 91
416 87 640 430
745 367 710 98
706 129 626 357
527 533 150 210
656 185 538 176
208 634 138 615
766 174 4 415
304 421 735 582
685 774 90 191
143 797 402 607
112 249 471 647
229 593 760 731
359 528 413 577
764 171 597 254
61 843 662 5
572 358 863 115
15 470 631 76
876 825 234 289
211 427 707 142
544 380 315 560
117 648 200 130
381 272 460 754
30 856 284 858
738 237 110 484
162 477 809 654
409 610 26 495
527 533 150 210
719 846 473 571
671 10 38 313
81 207 732 694
547 253 785 334
79 780 482 514
213 384 113 385
184 524 683 136
117 648 200 130
219 567 333 165
213 384 113 385
44 414 264 209
45 432 439 355
590 28 27 177
228 659 86 769
226 503 92 447
580 236 260 126
321 839 554 104
502 382 798 480
293 89 788 534
247 540 614 801
664 386 404 201
401 202 721 621
779 611 875 668
616 466 244 878
252 275 555 337
401 202 721 621
428 468 417 262
679 148 650 140
704 599 62 71
796 33 131 103
303 448 438 600
100 40 310 691
214 556 297 301
442 793 158 713
816 17 396 25
278 637 857 879
429 578 831 231
746 487 173 193
143 797 402 797
636 48 323 733
622 288 855 51
377 864 52 444
791 635 122 1
820 542 325 169
628 684 230 684
606 589 31 822
397 458 372 273
714 559 118 775
383 285 281 22
371 13 12 2
391 454 842 792
664 386 404 201
18 356 750 164
612 159 520 520
511 489 329 511
698 426 46 587
827 725 461 496
282 476 834 661
656 185 538 176
304 421 735 582
308 341 373 450
527 533 150 210
378 195 786 172
422 700 751 665
728 144 389 161
214 556 297 301
682 220 872 437
676 306 187 80
711 153 64 462
525 805 645 620
420 393 388 854
467 868 95 336
409 610 26 495
622 288 855 622
279 212 602 841
321 839 554 104
510 701 322 594
423 672 168 216
455 132 446 821
543 328 564 34
205 623 362 817
603 294 761 823
824 49 405 880
78 105 655 469
807 257 238 474
394 569 778 331
233 199 345 633
377 864 52 444
740 708 343 179
391 454 842 792
467 868 95 336
390 535 198 815
740 708 343 179
719 846 473 571
719 846 473 571
311 667 523 163
162 477 809 654
214 556 297 301
318 189 517 553
510 701 322 594
346 124 20 160
465 491 726 742
563 576 865 618
190 498 624 743
636 48 323 733
738 237 110 484
307 838 490 47
213 384 113 385
435 486 83 50
435 486 83 50
242 406 642 492
252 275 555 337
348 274 75 35
369 276 370 472
338 241 646 619
814 507 483 680
400 246 457 852
348 274 75 35
698 426 46 587
117 648 200 130
186 512 101 245
162 477 809 654
497 851 58 67
501 418 192 114
431 407 849 521
641 224 128 263
180 674 8 8
304 421 735 582
242 406 642 492
332 73 819 670
789 493 862 536
218 703 265 57
706 129 626 357
354 830 539 485
504 292 755 351
877 595 361 463
652 579 347 366
78 105 655 469
572 358 863 115
690 23 832 68
759 749 39 298
764 171 597 254
810 689 3 99
261 11 479 111
348 274 75 35
704 599 62 71
256 335 403 570
592 803 666 412
65 419 43 869
718 588 516 741
802 629 532 120
591 850 601 70
764 171 597 254
573 123 720 350
759 749 39 298
218 703 265 57
543 328 564 34
143 797 402 143
711 153 64 462
783 604 167 267
622 288 855 855
424 794 453 696
679 148 650 140
543 328 564 34
622 288 855 288
77 240 790 353
66 222 568 734
117 648 200 130
465 491 726 742
796 33 131 103
135 175 232 687
63 795 729 152
679 148 650 140
77 240 790 353
214 556 297 301
459 60 291 870
504 292 755 351
65 419 43 869
814 507 483 680
135 175 232 687
422 700 751 665
431 407 849 521
162 477 809 654
580 236 260 126
738 237 110 484
29 204 644 248
584 767 255 488
394 569 778 331
681 509 309 97
552 723 182 826
508 56 411 227
308 341 373 450
764 171 597 254
478 235 93 286
845 456 339 519
416 87 640 430
719 846 473 571
88 475 546 215
685 774 90 191
37 32 541 829
184 524 683 136
867 757 609 506
44 414 264 209
359 528 413 577
307 838 490 47
326 206 59 365
799 451 139 513
596 387 300 695
196 434 833 344
455 132 446 821
783 604 167 267
108 709 268 96
766 174 4 415
612 159 520 159
100 40 310 691
552 723 182 826
789 493 862 536
800 505 217 156
190 498 624 743
354 830 539 485
29 204 644 248
651 765 806 529
408 125 251 7
319 53 625 14
190 498 624 743
810 689 3 99
307 838 490 47
63 795 729 152
321 839 554 104
379 722 500 494
565 522 675 717
596 387 300 695
877 595 361 463
442 793 158 713
397 458 372 273
612 159 520 612
673 133 549 692
459 60 291 870
799 451 139 513
400 246 457 852
19 102 598 531
791 635 122 1
317 183 363 221
422 700 751 665
226 503 92 447
218 703 265 57
537 312 627 859
278 637 857 879
119 813 145 561
324 737 818 716
807 257 238 474
330 763 566 330
78 105 655 469
181 146 85 663
45 432 439 355
364 188 632 368
853 724 860 499
330 763 566 763
502 382 798 480
338 241 646 619
800 505 217 156
429 578 831 231
581 134 804 873
455 132 446 821
744 352 106 375
518 649 777 866
371 13 12 2
18 356 750 164
636 48 323 733
671 10 38 313
37 32 541 829
656 185 538 176
747 762 342 658
154 84 784 41
772 280 9 69
445 305 107 127
225 299 758 147
791 635 122 1
606 589 31 822
527 533 150 210
401 202 721 621
876 825 234 289
346 124 20 160
121 116 72 425
636 48 323 733
151 481 82 74
428 468 417 262
16 526 223 360
18 356 750 164
537 312 627 859
511 489 329 329
282 476 834 661
782 702 715 697
698 426 46 587
304 421 735 582
88 475 546 215
824 49 405 880
279 212 602 841
772 280 9 69
395 443 283 269
16 526 223 360
78 105 655 469
573 123 720 350
467 868 95 336
229 593 760 731
392 771 639 515
704 599 62 71
433 314 727 258
766 174 4 415
428 468 417 262
30 856 284 858
802 629 532 120
19 102 598 531
296 327 21 712
550 736 574 730
617 109 752 340
652 579 347 366
848 562 302 585
397 458 372 273
394 569 778 331
252 275 555 337
208 634 138 615
364 188 632 368
844 605 847 583
679 148 650 140
617 109 752 340
547 253 785 334
293 89 788 534
211 427 707 142
433 314 727 314
296 327 21 712
180 674 8 653
511 489 329 787
565 522 675 717
354 830 539 485
349 440 436 440
226 503 92 447
628 684 230 628
744 352 106 375
657 756 643 551
508 56 411 227
728 144 389 161
16 526 223 360
378 195 786 172
324 737 818 716
641 224 128 263
590 28 27 177
233 199 345 633
408 125 251 7
820 542 325 169
603 294 761 823
429 578 831 231
530 194 287 739
853 724 860 499
501 418 192 114
845 456 339 519
740 708 343 179
525 805 645 620
657 756 643 551
557 155 770 266
714 559 118 775
81 207 732 694
671 10 38 313
400 246 457 852
759 749 39 298
61 843 662 5
789 493 862 536
445 305 107 127
259 781 55 91
324 737 818 716
378 195 786 172
416 87 640 430
861 42 197 42
317 183 363 221
558 840 376 170
181 146 85 663
467 868 95 336
753 545 277 638
867 757 609 506
478 235 93 286
581 134 804 873
445 305 107 127
682 220 872 437
54 811 295 178
395 443 283 269
184 524 683 136
203 398 768 677
705 748 586 271
242 406 642 492
256 335 403 570
652 579 347 366
278 637 857 879
349 440 436 316
628 684 230 230
827 725 461 496
746 487 173 193
592 803 666 412
154 84 784 41
753 545 277 638
537 312 627 859
303 448 438 600
497 851 58 67
381 272 460 754
558 840 376 170
596 387 300 695
442 793 158 713
424 794 453 696
119 813 145 561
530 194 287 739
699 24 837 464
395 443 283 269
630 812 688 399
501 418 192 114
374 773 6 149
693 686 575 660
816 17 396 25
154 84 784 41
395 443 283 269
36 94 678 270
252 275 555 337
65 419 43 869
441 449 166 836
802 629 532 120
681 509 309 97
256 335 403 570
397 458 372 273
441 449 166 836
15 470 631 76
844 605 847 583
30 856 284 858
603 294 761 823
591 850 601 70
676 306 187 80
544 380 315 560
390 535 198 815
584 767 255 488
664 386 404 201
66 222 568 734
121 116 72 425
441 449 166 836
383 285 281 22
537 312 627 859
19 102 598 531
88 475 546 215
279 212 602 841
641 224 128 263
190 498 624 743
225 299 758 147
319 53 625 14
29 204 644 248
552 723 182 826
143 797 402 402
369 276 370 472
808 137 250 874
772 280 9 69
848 562 302 585
36 94 678 270
714 559 118 775
782 702 715 697
704 599 62 71
772 280 9 69
383 285 281 22
196 434 833 344
45 432 439 355
676 306 187 80
19 102 598 531
552 723 182 826
408 125 251 7
510 701 322 594
390 535 198 815
108 709 268 96
682 220 872 437
30 856 284 858
779 611 875 611
205 623 362 817
256 335 403 570
728 144 389 161
671 10 38 313
738 237 110 484
321 839 554 104
445 305 107 127
565 522 675 717
616 466 244 878
779 611 875 779
848 562 302 585
293 89 788 534
682 220 872 437
511 489 329 489
208 634 138 615
181 146 85 663
690 23 832 68
766 174 4 415
497 851 58 67
54 811 295 178
876 825 234 289
400 246 457 852
79 780 482 514
318 189 517 553
699 24 837 464
121 116 72 425
628 684 230 871
317 183 363 221
698 426 46 587
349 440 436 349
799 451 139 513
112 249 471 647
441 449 166 836
211 427 707 142
141 157 548 239
656 185 538 176
563 576 865 618
612 159 520 290
502 382 798 480
800 505 217 156
423 672 168 216
557 155 770 266
814 507 483 680
66 222 568 734
65 419 43 869
808 137 250 874
835 452 243 410
180 674 8 674
307 838 490 47
459 60 291 870
379 722 500 494
744 352 106 375
853 724 860 499
652 579 347 366
392 771 639 515
324 737 818 716
181 146 85 663
685 774 90 191
745 367 710 98
867 757 609 506
374 773 6 149
247 540 614 801
501 418 192 114
151 481 82 74
596 387 300 695
338 241 646 619
186 512 101 245
233 199 345 633
383 285 281 22
827 725 461 496
371 13 12 2
135 175 232 687
296 327 21 712
293 89 788 534
332 73 819 670
228 659 86 769
225 299 758 147
29 204 644 248
613 320 669 776
518 649 777 866
455 132 446 821
573 123 720 350
693 686 575 660
711 153 64 462
184 524 683 136
504 292 755 351
77 240 790 353
681 509 309 97
100 40 310 691
606 589 31 822
346 124 20 160
547 253 785 334
814 507 483 680
203 398 768 677
433 314 727 433
422 700 751 665
88 475 546 215
433 314 727 727
428 468 417 262
218 703 265 57
617 109 752 340
651 765 806 529
431 407 849 521
319 53 625 14
348 274 75 35
590 28 27 177
219 567 333 165
81 207 732 694
219 567 333 165
429 578 831 231
319 53 625 14
613 320 669 613
800 505 217 156
824 49 405 880
465 491 726 742
16 526 223 360
317 183 363 221
565 522 675 717
308 341 373 450
261 11 479 111
580 236 260 126
530 194 287 739
424 794 453 696
392 771 639 515
745 367 710 98
349 440 436 436
228 659 86 769
394 569 778 331
508 56 411 227
81 207 732 694
332 73 819 670
