492
6
433 364 121 478 362 40
223 167 330 32 432 436
CBBDBBACBBACDCDADBDADDCADDDABCBDADABADAAACCDBDDCBBDBBCDDCADBCDBAABBBCDDBCBAADABBDCCBDDACDBBABADCDCDABBBDAACBDBDAAAADBBBCBCBBCDDAADDAABABBCCBDCDDACDAAABCBBDCDCCABBBBBDDCBCBABCAADCDCCCCAABCDCACAADABCDDC
397 472 210 472
376 325 355 63
165 423 277 259
298 208 348 255
372 481 201 440
30 48 491 211
101 177 410 101
192 396 128 171
69 95 404 106
469 191 247 218
98 287 153 205
87 16 26 40
425 442 105 250
53 36 399 269
483 100 450 221
262 358 92 15
479 178 233 434
60 181 81 115
363 317 163 290
57 429 296 357
11 406 197 212
107 2 344 189
354 284 326 285
244 172 124 96
454 231 415 132
262 358 92 15
370 487 236 449
425 442 105 250
123 102 328 175
215 136 271 447
149 161 12 161
82 331 305 478
460 401 438 433
356 146 304 422
459 312 280 459
37 200 313 379
125 5 71 427
275 268 293 130
155 195 392 17
262 358 92 15
170 424 477 485
272 407 99 445
144 380 257 380
486 311 214 227
13 28 159 345
155 195 392 17
11 406 197 212
215 136 271 447
469 191 247 218
365 154 8 473
180 282 97 41
206 349 76 6
37 200 313 379
101 177 410 410
294 120 194 194
298 208 348 255
160 148 278 315
389 336 261 169
294 120 194 398
135 73 352 152
377 109 346 386
240 420 118 316
484 85 83 301
467 185 470 234
24 351 276 300
365 154 8 473
13 28 159 345
469 191 247 218
116 44 243 129
361 142 324 366
372 481 201 440
180 282 97 41
186 29 174 78
60 181 81 115
397 472 210 210
30 48 491 211
377 109 346 386
123 102 328 175
72 413 51 428
127 22 279 258
135 73 352 152
196 488 343 451
164 151 274 42
356 146 304 422
164 151 274 42
23 91 207 476
262 358 92 15
101 177 410 177
60 181 81 115
82 331 305 478
354 284 326 285
483 100 450 221
144 380 257 158
23 91 207 476
116 44 243 129
303 241 264 266
170 424 477 485
439 281 452 350
251 173 21 47
141 187 461 3
323 308 229 323
490 34 84 226
24 351 276 300
363 317 163 290
126 232 140 390
116 44 243 129
376 325 355 63
347 86 94 405
46 39 252 480
389 336 261 169
127 22 279 258
454 231 415 132
359 458 33 223
213 299 147 411
135 73 352 152
486 311 214 227
53 36 399 269
25 112 138 295
72 413 51 428
291 31 474 31
69 95 404 106
265 220 108 453
490 34 84 226
303 241 264 266
372 481 201 440
7 88 54 7
107 2 344 189
402 230 306 306
486 311 214 227
342 319 224 289
457 388 444 145
119 400 382 79
222 409 307 188
457 388 444 145
186 29 174 78
80 408 156 111
370 487 236 449
454 231 415 132
275 268 293 130
7 88 54 54
165 423 277 259
335 385 341 418
466 286 337 338
421 371 90 421
117 384 249 14
455 430 321 430
465 254 267 122
414 235 245 260
87 16 26 40
144 380 257 144
272 407 99 445
186 29 174 78
439 281 452 350
192 396 128 171
479 178 233 434
127 22 279 258
50 66 333 369
421 371 90 32
425 442 105 250
414 235 245 260
87 16 26 40
359 458 33 458
367 238 55 59
272 407 99 445
329 133 203 327
110 58 360 391
318 179 368 364
359 458 33 33
137 417 27 482
310 143 273 302
402 230 306 270
303 241 264 266
11 406 197 212
123 102 328 175
490 34 84 226
150 43 182 43
323 308 229 308
104 237 19 393
256 248 70 184
170 424 477 485
135 73 352 152
144 380 257 257
69 95 404 106
361 142 324 366
134 441 131 412
123 102 328 175
165 423 277 259
320 77 61 246
376 325 355 63
57 429 296 357
288 373 394 492
402 230 306 402
13 28 159 345
291 31 474 474
479 178 233 434
463 49 10 68
98 287 153 205
69 95 404 106
467 185 470 234
125 5 71 427
475 166 468 383
149 161 12 436
222 409 307 188
213 299 147 411
439 281 452 350
30 48 491 211
354 284 326 285
45 239 193 67
242 228 437 228
318 179 368 364
215 136 271 447
98 287 153 205
465 254 267 122
253 204 114 225
80 408 156 111
50 66 333 369
240 420 118 316
288 373 394 492
242 228 437 437
347 86 94 405
141 187 461 3
320 77 61 246
460 401 438 433
190 20 416 374
213 299 147 411
356 146 304 422
253 204 114 225
489 1 75 1
217 435 62 362
456 162 168 162
119 400 382 79
7 88 54 88
104 237 19 393
134 441 131 412
448 103 65 322
340 209 219 332
363 317 163 290
294 120 194 120
13 28 159 345
25 112 138 295
395 176 426 283
489 1 75 489
486 311 214 227
303 241 264 266
448 103 65 322
377 109 346 386
288 373 394 492
361 142 324 366
53 36 399 269
126 232 140 390
11 406 197 212
155 195 392 17
213 299 147 411
265 220 108 453
45 239 193 67
361 142 324 366
421 371 90 90
107 2 344 189
329 133 203 327
448 103 65 322
137 417 27 482
483 100 450 221
459 312 280 280
395 176 426 283
347 86 94 405
395 176 426 283
265 220 108 453
342 319 224 289
37 200 313 379
456 162 168 113
80 408 156 111
251 173 21 47
466 286 337 338
272 407 99 445
342 319 224 289
244 172 124 96
329 133 203 327
414 235 245 260
107 2 344 189
183 198 9 121
216 157 292 403
170 424 477 485
150 43 182 93
74 18 89 314
74 18 89 314
56 353 297 4
439 281 452 350
38 378 443 139
190 20 416 374
367 238 55 59
149 161 12 149
50 66 333 369
342 319 224 289
291 31 474 291
454 231 415 132
160 148 278 315
298 208 348 255
45 239 193 67
465 254 267 122
244 172 124 96
164 151 274 42
466 286 337 338
395 176 426 283
455 430 321 321
196 488 343 451
456 162 168 168
320 77 61 246
217 435 62 362
459 312 280 330
466 286 337 338
253 204 114 225
183 198 9 121
125 5 71 427
60 181 81 115
414 235 245 260
25 112 138 295
367 238 55 59
256 248 70 184
190 20 416 374
377 109 346 386
35 381 263 263
24 351 276 300
217 435 62 362
335 385 341 418
484 85 83 301
74 18 89 314
222 409 307 188
490 34 84 226
222 409 307 188
183 198 9 121
196 488 343 451
242 228 437 446
365 154 8 473
101 177 410 419
339 64 199 471
137 417 27 482
56 353 297 4
56 353 297 4
467 185 470 234
242 228 437 242
339 64 199 471
190 20 416 374
463 49 10 68
376 325 355 63
425 442 105 250
46 39 252 480
23 91 207 476
45 239 193 67
30 48 491 211
216 157 292 403
244 172 124 96
186 29 174 78
298 208 348 255
74 18 89 314
484 85 83 301
455 430 321 455
160 148 278 315
483 100 450 221
460 401 438 433
389 336 261 169
335 385 341 418
240 420 118 316
367 238 55 59
256 248 70 184
192 396 128 171
335 385 341 418
294 120 194 294
256 248 70 184
365 154 8 473
340 209 219 332
82 331 305 478
475 166 468 383
38 378 443 139
57 429 296 357
206 349 76 6
484 85 83 301
46 39 252 480
275 268 293 130
125 5 71 427
421 371 90 371
459 312 280 312
72 413 51 428
110 58 360 391
53 36 399 269
339 64 199 471
46 39 252 480
397 472 210 167
117 384 249 14
137 417 27 482
7 88 54 334
389 336 261 169
479 178 233 434
363 317 163 290
38 378 443 139
150 43 182 150
402 230 306 230
318 179 368 364
291 31 474 202
37 200 313 379
72 413 51 428
431 462 52 375
456 162 168 456
50 66 333 369
116 44 243 129
23 91 207 476
98 287 153 205
251 173 21 47
127 22 279 258
320 77 61 246
323 308 229 229
465 254 267 122
457 388 444 145
180 282 97 41
448 103 65 322
119 400 382 79
57 429 296 357
370 487 236 449
339 64 199 471
323 308 229 432
25 112 138 295
82 331 305 478
455 430 321 464
329 133 203 327
310 143 273 302
126 232 140 390
150 43 182 182
372 481 201 440
180 282 97 41
160 148 278 315
35 381 263 381
206 349 76 6
217 435 62 362
431 462 52 375
104 237 19 393
240 420 118 316
87 16 26 40
489 1 75 75
431 462 52 375
216 157 292 403
475 166 468 383
457 388 444 145
126 232 140 390
275 268 293 130
117 384 249 14
251 173 21 47
489 1 75 387
80 408 156 111
24 351 276 300
340 209 219 332
141 187 461 3
463 49 10 68
216 157 292 403
347 86 94 405
119 400 382 79
35 381 263 35
359 458 33 359
117 384 249 14
460 401 438 433
183 198 9 121
431 462 52 375
165 423 277 259
206 349 76 6
469 191 247 218
35 381 263 309
265 220 108 453
56 353 297 4
134 441 131 412
110 58 360 391
288 373 394 492
134 441 131 412
467 185 470 234
318 179 368 364
192 396 128 171
149 161 12 12
110 58 360 391
354 284 326 285
310 143 273 302
196 488 343 451
104 237 19 393
155 195 392 17
475 166 468 383
370 487 236 449
141 187 461 3
164 151 274 42
310 143 273 302
253 204 114 225
340 209 219 332
463 49 10 68
397 472 210 397
356 146 304 422
215 136 271 447
38 378 443 139
