1640
6
747 1204 896 326 400 266
65 729 1342 925 1283 314
CDDDDDDBBDDDADDBACCCCCBDAADDDCCABACAABDADBCBACACCBCABDCBABABBCDAACBDABBBCBBBCDDBBDABAACBBDDCCADBCABBBDBBBADDBADDDBCBBAAABDADBDADDCDACDBDDDDDBCADCABCBCDACADADACADCDADCDCBBCBDCCDACABDBCDCCDADCDDDDACDDBAABCBDCDBCDBDCDCADADBAAACADBBBCACDDCABDBAACDAACDCADCBDDAACBAABACCBABBBADCBDBDBABABCC
1640 555 673 76
1285 867 38 1001
450 220 1127 1325
395 830 1476 116
1524 1492 1437 448
1231 1371 1255 778
699 964 743 232
520 21 1044 984
701 1349 106 1226
351 399 346 1534
1438 371 1215 1249
713 973 1290 1539
1218 1308 1253 469
535 358 560 45
1439 1614 434 1257
1583 219 685 862
1252 1182 163 1163
176 945 688 1026
1218 1308 1253 469
1023 436 342 697
390 811 902 1006
56 1266 462 1525
931 537 991 1010
1221 543 590 860
1391 1014 191 1526
1016 1116 373 1152
1252 1182 163 1163
290 353 1334 273
1055 971 604 1335
1556 502 1460 1469
813 134 911 57
119 13 19 1244
1221 543 590 860
73 1239 384 1515
827 620 1185 859
1608 1363 660 1363
1459 463 1051 1139
1213 114 1126 381
1451 551 440 443
84 78 1041 977
407 585 648 16
428 465 324 465
90 906 405 960
975 1033 501 870
505 1496 18 1124
90 906 405 960
1439 1614 434 1257
1222 1450 46 43
719 449 1161 740
450 220 1127 1325
924 1171 411 1555
1564 137 1112 419
1275 222 982 600
802 627 581 1132
1052 1047 1454 338
536 900 101 1017
1034 1461 667 717
479 468 237 1417
1110 1113 466 926
418 248 992 294
739 1616 953 629
1339 1077 576 29
407 585 648 16
802 627 581 1132
1140 816 85 747
499 312 415 315
957 1346 1079 1209
495 1600 136 1175
568 1370 1596 1019
446 329 1159 1343
260 844 1435 1550
574 983 124 321
882 394 722 277
890 705 1009 1566
360 386 1633 1111
876 1075 72 613
719 449 1161 740
227 1385 334 1546
1326 138 1502 242
333 929 584 825
1230 296 636 777
815 1146 23 337
339 181 1093 1072
227 1385 334 1546
578 785 302 221
201 712 654 1499
44 516 1444 1518
1352 1415 1576 1415
1413 185 435 1267
1410 1003 1320 1380
1118 1508 947 374
1241 626 539 257
1595 949 1436 972
79 1443 745 703
596 1489 801 140
628 317 1165 442
684 759 1248 1087
1560 805 34 847
199 618 1619 410
1287 1060 262 846
951 1088 1396 343
218 1117 1381 692
1029 1327 211 735
84 78 1041 977
1324 632 506 278
423 698 1548 1181
1110 1113 466 926
1264 923 1420 700
1219 865 71 1605
946 301 997 152
1373 1128 1190 767
1294 483 1563 839
1391 1014 191 1526
1243 1332 1589 1527
254 1468 1634 1204
548 438 689 1268
298 1612 318 318
1237 30 858 855
1218 1308 1253 469
97 230 464 1388
83 570 541 1138
263 810 393 263
936 234 587 642
1530 108 809 1081
1045 1184 1581 728
1020 197 1585 1166
1631 1393 774 1615
713 973 1290 1539
1609 918 1353 210
1523 1483 1078 186
1413 185 435 1267
1319 888 1569 1569
742 1228 623 841
1034 1461 667 717
1423 1383 1481 919
287 974 1314 704
1570 1150 1498 664
372 305 519 615
1076 265 646 1173
488 198 313 98
863 1594 150 765
1362 880 1429 1212
125 907 1377 1350
83 570 541 1138
385 241 869 453
452 1224 328 69
1302 1411 1179 528
39 934 878 365
1203 1269 1040 575
682 451 952 1196
603 1105 1463 1532
388 289 1192 500
1418 1200 782 928
739 1616 953 629
946 301 997 152
1203 1269 1040 575
1294 483 1563 839
540 772 889 696
1319 888 1569 888
79 1443 745 703
1340 174 806 75
814 1281 117 437
1490 508 307 817
994 549 8 252
274 1296 1629 1046
739 1616 953 629
597 1501 749 111
695 981 382 602
1572 491 708 518
1523 1483 1078 186
408 522 681 1109
97 230 464 1388
369 430 481 1232
360 386 1633 1111
1143 736 1042 214
1495 53 769 1304
1231 1371 1255 778
1595 949 1436 972
492 476 1536 1333
1151 147 1284 1457
1449 331 1096 1028
1058 77 1433 49
1448 283 1037 295
369 430 481 1232
1347 1392 1091 954
182 1208 1638 299
885 1348 980 980
1330 1035 529 286
813 134 911 57
1025 694 1408 1276
1271 702 293 457
1544 599 577 525
640 550 1115 397
1313 1553 167 687
1378 788 1472 606
1378 788 1472 606
139 1478 848 1013
1560 805 34 847
246 60 1263 432
1438 371 1215 1249
608 1225 1205 608
1090 803 754 690
890 705 1009 1566
1287 1060 262 846
406 526 1199 1414
1509 666 710 35
1090 803 754 690
375 562 239 1579
97 230 464 1388
1588 835 6 177
1198 942 37 1422
395 830 1476 116
479 468 237 1417
1238 533 1531 1426
316 304 115 304
1609 918 1353 210
742 1228 623 841
183 643 1293 1101
1153 196 195 478
228 164 507 662
1516 503 1236 9
127 999 680 1169
1611 1002 141 799
1452 12 554 128
1188 473 1535 1095
1029 1327 211 735
1336 725 1193 589
994 549 8 252
44 516 1444 1518
684 759 1248 1087
630 11 913 200
595 1194 933 823
119 13 19 1244
1368 784 1541 1606
849 1049 1061 1471
1362 880 1429 1212
355 487 656 1538
653 467 1259 1407
455 1554 347 1261
110 155 937 896
1424 619 872 1431
372 305 519 615
311 914 834 391
1322 812 1440 146
1398 156 149 1246
418 248 992 294
671 647 1597 1262
1365 1240 51 349
1352 1415 1576 1576
957 1346 1079 1209
22 1156 1369 1610
520 21 1044 984
93 178 1242 458
1133 472 1493 1272
1311 361 668 1386
303 1364 1355 709
976 840 746 341
1573 1565 426 496
1303 123 665 1567
1480 1223 856 1008
621 1056 1590 266
594 766 917 1547
916 614 1506 916
901 282 367 927
1098 1603 1557 796
819 1510 207 202
742 1228 623 841
292 48 821 1147
1458 995 187 517
733 1005 1441 733
833 611 135 624
1608 1363 660 1608
1007 1430 1447 1522
153 1106 1617 715
1391 1014 191 1526
711 861 794 1517
969 639 1374 413
561 1403 1558 706
450 220 1127 1325
815 1146 23 337
552 1354 276 490
826 42 986 42
1211 170 1233 130
110 155 937 896
1278 829 943 459
401 768 1059 1251
105 454 807 895
579 831 818 1201
904 70 485 586
1007 1430 1447 1522
1519 392 843 161
1222 1450 46 43
1142 580 271 987
1365 1240 51 349
1211 170 1233 130
1404 968 631 1316
552 1354 276 490
320 1542 886 320
1058 77 1433 49
263 810 393 810
388 289 1192 500
1516 503 1236 9
1103 566 102 1375
254 1468 1634 1204
31 1135 1628 189
408 522 681 1109
1136 932 1172 948
471 899 1428 1297
280 82 762 1183
531 837 335 425
1024 1066 1607 1474
414 1485 1004 978
1560 805 34 847
621 1056 1590 266
414 1485 1004 978
254 1468 1634 1204
179 404 470 475
320 1542 886 886
733 1005 1441 1513
208 327 498 326
1530 108 809 1081
1394 1027 244 563
1029 1327 211 735
814 1281 117 117
83 570 541 1138
375 562 239 1579
375 562 239 1579
568 1370 1596 1019
1299 1505 1632 511
79 1443 745 703
194 714 344 1584
383 871 99 1214
169 1125 1521 751
1336 725 1193 589
1012 1121 1578 1337
44 516 1444 1518
931 537 991 1010
1432 657 783 670
1449 331 1096 1028
1311 361 668 1386
838 1130 1402 752
637 379 1604 1604
633 1288 421 1073
1313 1553 167 687
292 48 821 1147
1494 958 424 1216
95 852 1331 1360
1254 10 420 1064
924 1171 411 1555
567 612 1387 1160
1494 958 424 1216
93 178 1242 458
1007 1430 1447 1522
671 647 1597 1262
1406 89 131 1310
1311 361 668 1386
412 915 868 1164
505 1496 18 1124
892 1623 793 921
1186 1202 877 1549
532 1291 707 158
1533 922 92 558
988 939 429 1467
1237 30 858 855
1451 551 440 443
699 964 743 232
826 42 986 986
535 358 560 45
996 417 1050 245
1544 599 577 525
165 1065 1397 1592
31 1135 1628 189
771 1416 1486 445
1359 1412 1018 864
455 1554 347 1261
350 804 402 1312
779 763 253 352
1143 736 1042 214
270 850 1292 850
1466 676 1529 1507
1243 1332 1589 1527
1620 486 808 20
199 618 1619 410
882 394 722 277
1424 619 872 1431
1186 1202 877 1549
630 11 913 200
904 70 485 586
22 1156 1369 1610
797 1345 724 780
1024 1066 1607 1474
1340 174 806 75
916 614 1506 1506
969 639 1374 413
548 438 689 1268
1352 1415 1576 1071
756 1379 582 1174
175 1473 593 378
1494 958 424 1216
1537 422 1057 291
764 216 129 854
567 612 1387 1160
671 647 1597 1262
492 476 1536 1333
1410 1003 1320 1380
1000 1048 547 238
1583 219 685 862
54 64 1434 409
802 627 581 1132
246 60 1263 432
1149 1399 1484 1591
190 857 1464 1401
1206 1384 1477 1015
1400 168 1063 1409
414 1485 1004 978
119 13 19 1244
1398 156 149 1246
1365 1240 51 349
1570 1150 1498 664
351 399 346 1534
571 730 387 231
1519 392 843 161
1282 651 761 1626
1630 727 732 288
1012 1121 1578 1337
661 598 1129 1367
1084 1176 1635 65
814 1281 117 814
1568 828 723 264
996 417 1050 245
22 1156 1369 1610
418 248 992 294
721 748 256 521
433 1357 652 1504
1347 1392 1091 954
637 379 1604 379
298 1612 318 546
538 3 279 50
674 1295 909 909
1256 789 1323 1162
552 1354 276 490
179 404 470 475
1256 789 1323 1162
1274 1376 1574 1580
515 68 1036 1462
1299 1505 1632 511
1285 867 38 1001
359 755 979 750
1586 1043 1543 1488
228 164 507 662
1279 1229 259 588
568 1370 1596 1019
1424 619 872 1431
1324 632 506 278
95 852 1331 1360
1582 212 1145 4
1142 580 271 987
1595 949 1436 972
494 1587 786 591
126 866 1123 1528
27 738 1074 17
536 900 101 1017
363 638 1067 510
684 759 1248 1087
814 1281 117 1281
1080 380 1514 569
1220 634 616 634
355 487 656 1538
1068 959 1487 460
492 476 1536 1333
474 1593 180 1286
91 1475 1301 800
285 1321 966 1625
1151 147 1284 1457
492 476 1536 1333
145 884 691 592
175 1473 593 378
1378 788 1472 606
355 487 656 1538
1230 296 636 777
996 417 1050 245
1274 1376 1574 1580
1 938 824 1141
471 899 1428 1297
446 329 1159 1343
1023 436 342 697
1406 89 131 1310
1560 805 34 847
1524 1492 1437 448
711 861 794 1517
1455 512 1421 912
145 884 691 592
203 940 564 74
655 325 144 121
287 974 1314 704
661 598 1129 1367
333 929 584 825
375 562 239 1579
414 1485 1004 978
904 70 485 586
171 306 1309 1361
1382 881 447 2
701 1349 106 1226
603 1105 1463 1532
176 945 688 1026
561 1403 1558 706
994 549 8 252
1136 932 1172 948
1188 473 1535 1095
988 939 429 1467
26 770 1107 1456
205 1102 1155 887
957 1346 1079 1209
1030 47 15 1395
495 1600 136 1175
975 1033 501 870
885 1348 980 1283
1455 512 1421 912
31 1135 1628 189
390 811 902 1006
303 1364 1355 709
54 64 1434 409
1482 322 1227 1512
603 1105 1463 1532
1300 935 1601 348
1000 1048 547 238
1544 599 577 525
985 625 456 781
401 768 1059 1251
125 907 1377 1350
1012 1121 1578 1337
540 772 889 696
441 644 297 281
1524 1492 1437 448
505 1496 18 1124
951 1088 1396 343
100 726 1639 204
450 220 1127 1325
976 840 746 341
236 635 142 663
339 181 1093 1072
479 468 237 1417
1637 1258 224 1197
27 738 1074 17
44 516 1444 1518
320 1542 886 925
653 467 1259 1259
538 3 279 50
520 21 1044 984
756 1379 582 1174
1256 789 1323 1162
711 861 794 1517
779 763 253 352
713 973 1290 1539
876 1075 72 613
316 304 115 729
686 1086 1089 787
1241 626 539 257
1611 1002 141 799
505 1496 18 1124
734 55 1092 1167
455 1554 347 1261
1322 812 1440 146
890 705 1009 1566
1564 137 1112 419
218 1117 1381 692
1503 267 217 133
530 675 143 1358
1466 676 1529 1507
339 181 1093 1072
630 11 913 200
270 850 1292 319
32 233 1021 416
1530 108 809 1081
366 1425 1562 7
1055 971 604 1335
1300 935 1601 348
1516 503 1236 9
247 354 617 403
833 611 135 624
209 1191 172 120
1598 477 842 398
428 465 324 162
169 1125 1521 751
1583 219 685 862
446 329 1159 1343
1368 784 1541 1606
1303 123 665 1567
683 1148 193 1108
1637 1258 224 1197
655 325 144 121
385 241 869 453
1143 736 1042 214
1217 1210 28 1338
773 645 776 573
488 198 313 98
1373 1128 1190 767
356 340 255 1470
1300 935 1601 348
127 999 680 1169
893 1453 1122 376
1620 486 808 20
955 1317 112 157
737 534 489 5
39 934 878 365
1247 601 1445 950
693 1280 109 1500
284 240 1366 284
1608 1363 660 1405
531 837 335 425
1423 1383 1481 919
1503 267 217 133
574 983 124 321
1277 159 132 159
31 1135 1628 189
201 712 654 654
671 647 1597 1262
246 60 1263 432
1561 61 154 166
851 509 225 622
819 1510 207 202
1188 473 1535 1095
33 24 1168 897
1423 1383 1481 919
1582 212 1145 4
976 840 746 341
209 1191 172 120
179 404 470 475
790 104 1599 40
1438 371 1215 1249
605 1419 148 1621
561 1403 1558 706
571 730 387 231
201 712 654 712
1362 880 1429 1212
1404 968 631 1316
270 850 1292 270
988 939 429 1467
1206 1384 1477 1015
756 1379 582 1174
1230 296 636 777
1368 784 1541 1606
1448 283 1037 295
552 1354 276 490
32 233 1021 416
1098 1603 1557 796
1618 557 1497 1372
1583 219 685 862
1533 922 92 558
479 468 237 1417
544 461 1551 930
721 748 256 521
1220 634 616 1220
608 1225 1205 1205
83 570 541 1138
1406 89 131 1310
1427 1234 1540 903
1391 1014 191 1526
272 36 836 609
678 1120 439 439
356 340 255 1470
994 549 8 252
1362 880 1429 1212
258 792 1144 1235
936 234 587 642
827 620 1185 859
1054 1265 1552 1022
532 1291 707 158
1509 666 710 35
1427 1234 1540 903
1618 557 1497 1372
1533 922 92 558
876 1075 72 613
1636 215 963 1636
125 907 1377 1350
41 1613 63 1446
80 758 873 497
674 1295 909 674
628 317 1165 442
1631 1393 774 1615
54 64 1434 409
1279 1229 259 588
640 550 1115 397
679 956 1559 96
1153 196 195 478
720 961 364 118
597 1501 749 111
1495 53 769 1304
538 3 279 50
1137 1442 223 559
385 241 869 453
183 643 1293 1101
1219 865 71 1605
213 650 542 58
1620 486 808 20
236 635 142 663
637 379 1604 572
1282 651 761 1626
595 1194 933 823
251 389 1038 431
423 698 1548 1181
1142 580 271 987
1326 138 1502 242
105 454 807 895
1154 753 1390 607
734 55 1092 1167
540 772 889 696
1455 512 1421 912
1103 566 102 1375
827 620 1185 859
941 989 66 908
608 1225 1205 1225
243 1158 1575 879
1313 1553 167 687
1418 1200 782 928
203 940 564 74
1054 1265 1552 1022
1533 922 92 558
1586 1043 1543 1488
1237 30 858 855
303 1364 1355 709
969 639 1374 413
901 282 367 927
1134 188 944 1577
683 1148 193 1108
1287 1060 262 846
579 831 818 1201
894 1131 1032 1315
254 1468 1634 1204
630 11 913 200
669 206 1270 1097
579 831 818 1201
1083 1099 1031 1083
1052 1047 1454 338
1198 942 37 1422
1238 533 1531 1426
1524 1492 1437 448
1252 1182 163 1163
790 104 1599 40
1586 1043 1543 1488
849 1049 1061 1471
33 24 1168 897
595 1194 933 823
383 871 99 1214
1326 138 1502 242
838 1130 1402 752
578 785 302 221
303 1364 1355 709
1373 1128 1190 767
892 1623 793 921
1572 491 708 518
553 377 1178 832
693 1280 109 1500
1137 1442 223 559
892 1623 793 921
1598 477 842 398
80 758 873 497
333 929 584 825
679 956 1559 96
1030 47 15 1395
544 461 1551 930
815 1146 23 337
93 178 1242 458
1609 918 1353 210
682 451 952 1196
1217 1210 28 1338
1250 883 62 1511
764 216 129 854
1275 222 982 600
1016 1116 373 1152
515 68 1036 1462
236 635 142 663
32 233 1021 416
527 370 192 820
272 36 836 609
32 233 1021 416
1404 968 631 1316
970 1039 173 184
93 178 1242 458
1134 188 944 1577
1582 212 1145 4
775 920 1070 659
1427 1234 1540 903
310 610 1318 1479
1516 503 1236 9
655 325 144 121
720 961 364 118
1247 601 1445 950
122 300 967 1624
84 78 1041 977
916 614 1506 1344
1573 1565 426 496
1351 1245 268 345
941 989 66 908
1482 322 1227 1512
718 362 672 649
1134 188 944 1577
957 1346 1079 1209
863 1594 150 765
1118 1508 947 374
488 198 313 98
209 1191 172 120
1137 1442 223 559
567 612 1387 1160
73 1239 384 1515
360 386 1633 1111
1324 632 506 278
1023 436 342 697
1264 923 1420 700
916 614 1506 614
797 1345 724 780
452 1224 328 69
1034 1461 667 717
298 1612 318 298
931 537 991 1010
578 785 302 221
1136 932 1172 948
247 354 617 403
1090 803 754 690
1544 599 577 525
1222 1450 46 43
1636 215 963 556
773 645 776 573
1640 555 673 76
169 1125 1521 751
428 465 324 428
851 509 225 622
901 282 367 927
494 1587 786 591
548 438 689 1268
247 354 617 403
779 763 253 352
1423 1383 1481 919
1024 1066 1607 1474
1231 1371 1255 778
1608 1363 660 660
1012 1121 1578 1337
553 377 1178 832
1 938 824 1141
838 1130 1402 752
33 24 1168 897
175 1473 593 378
1340 174 806 75
1480 1223 856 1008
1274 1376 1574 1580
594 766 917 1547
73 1239 384 1515
1076 265 646 1173
1328 88 249 1328
733 1005 1441 1005
1188 473 1535 1095
596 1489 801 140
1319 888 1569 1180
1609 918 1353 210
1556 502 1460 1469
235 1356 741 1306
1025 694 1408 1276
1556 502 1460 1469
851 509 225 622
1637 1258 224 1197
941 989 66 908
1153 196 195 478
682 451 952 1196
1094 1571 1187 309
260 844 1435 1550
1020 197 1585 1166
1213 114 1126 381
190 857 1464 1401
1424 619 872 1431
171 306 1309 1361
199 618 1619 410
1561 61 154 166
333 929 584 825
471 899 1428 1297
535 358 560 45
574 983 124 321
308 1082 484 874
1451 551 440 443
311 914 834 391
323 226 103 965
1285 867 38 1001
969 639 1374 413
1339 1077 576 29
385 241 869 453
1341 1602 1170 400
208 327 498 326
406 526 1199 1414
1627 1520 261 1520
236 635 142 663
1154 753 1390 607
845 444 1465 482
1351 1245 268 345
350 804 402 1312
898 1207 962 357
1324 632 506 278
946 301 997 152
1221 543 590 860
412 915 868 1164
474 1593 180 1286
951 1088 1396 343
826 42 986 826
797 1345 724 780
275 25 113 658
446 329 1159 1343
1110 1113 466 926
1410 1003 1320 1380
1045 1184 1581 728
499 312 415 315
1636 215 963 963
674 1295 909 822
1034 1461 667 717
205 1102 1155 887
1438 371 1215 1249
1024 1066 1607 1474
190 857 1464 1401
1277 159 132 1277
1217 1210 28 1338
1588 835 6 177
332 1085 744 1298
272 36 836 609
1351 1245 268 345
1241 626 539 257
251 389 1038 431
1149 1399 1484 1591
208 327 498 326
1080 380 1514 569
826 42 986 583
775 920 1070 659
169 1125 1521 751
27 738 1074 17
100 726 1639 204
1389 891 1195 1622
773 645 776 573
1451 551 440 443
1254 10 420 1064
1368 784 1541 1606
946 301 997 152
1640 555 673 76
1568 828 723 264
890 705 1009 1566
499 312 415 315
1459 463 1051 1139
494 1587 786 591
1330 1035 529 286
1495 53 769 1304
388 289 1192 500
1359 1412 1018 864
1389 891 1195 1622
67 250 513 798
893 1453 1122 376
633 1288 421 1073
1279 1229 259 588
790 104 1599 40
757 1491 1104 677
1294 483 1563 839
628 317 1165 442
493 716 1177 1053
1630 727 732 288
126 866 1123 1528
1410 1003 1320 1380
1237 30 858 855
412 915 868 1164
316 304 115 115
595 1194 933 823
1029 1327 211 735
1278 829 943 459
263 810 393 393
605 1419 148 1621
1206 1384 1477 1015
369 430 481 1232
737 534 489 5
67 250 513 798
243 1158 1575 879
105 454 807 895
171 306 1309 1361
838 1130 1402 752
227 1385 334 1546
1400 168 1063 1409
892 1623 793 921
1341 1602 1170 400
1620 486 808 20
127 999 680 1169
1530 108 809 1081
390 811 902 1006
1582 212 1145 4
428 465 324 324
833 611 135 624
1568 828 723 264
499 312 415 315
1482 322 1227 1512
100 726 1639 204
1365 1240 51 349
1110 1113 466 926
520 21 1044 984
885 1348 980 1348
1398 156 149 1246
388 289 1192 500
1030 47 15 1395
1631 1393 774 1615
653 467 1259 653
1213 114 1126 381
863 1594 150 765
1329 81 480 641
1400 168 1063 1409
1083 1099 1031 1099
797 1345 724 780
1114 514 998 760
235 1356 741 1306
1154 753 1390 607
100 726 1639 204
669 206 1270 1097
107 59 905 993
1076 265 646 1173
1271 702 293 457
1189 875 14 368
771 1416 1486 445
951 1088 1396 343
1094 1571 1187 309
530 675 143 1358
139 1478 848 1013
119 13 19 1244
565 52 1273 1157
637 379 1604 637
731 1289 1307 1011
213 650 542 58
1495 53 769 1304
1322 812 1440 146
194 714 344 1584
1198 942 37 1422
1439 1614 434 1257
1084 1176 1635 1635
898 1207 962 357
171 306 1309 1361
1054 1265 1552 1022
401 768 1059 1251
495 1600 136 1175
1211 170 1233 130
22 1156 1369 1610
369 430 481 1232
366 1425 1562 7
227 1385 334 1546
1238 533 1531 1426
1305 151 504 524
390 811 902 1006
894 1131 1032 1315
153 1106 1617 715
1432 657 783 670
653 467 1259 467
1328 88 249 88
1398 156 149 1246
363 638 1067 510
1432 657 783 670
203 940 564 74
565 52 1273 1157
737 534 489 5
819 1510 207 202
1519 392 843 161
719 449 1161 740
764 216 129 854
594 766 917 1547
1328 88 249 249
284 240 1366 1342
695 981 382 602
351 399 346 1534
274 1296 1629 1046
731 1289 1307 1011
988 939 429 1467
126 866 1123 1528
1458 995 187 1458
272 36 836 609
1069 1119 1545 269
1449 331 1096 1028
571 730 387 231
1252 1182 163 1163
574 983 124 321
1098 1603 1557 796
1055 971 604 1335
182 1208 1638 299
493 716 1177 1053
1466 676 1529 1507
1264 923 1420 700
471 899 1428 1297
1084 1176 1635 1084
1140 816 85 747
383 871 99 1214
720 961 364 118
679 956 1559 96
633 1288 421 1073
720 961 364 118
1137 1442 223 559
757 1491 1104 677
1052 1047 1454 338
1449 331 1096 1028
280 82 762 1183
285 1321 966 1625
194 714 344 1584
1509 666 710 35
718 362 672 649
1084 1176 1635 1176
79 1443 745 703
1448 283 1037 295
406 526 1199 1414
218 1117 1381 692
80 758 873 497
955 1317 112 157
1418 1200 782 928
1016 1116 373 1152
640 550 1115 397
54 64 1434 409
1080 380 1514 569
1186 1202 877 1549
1570 1150 1498 664
1080 380 1514 569
1030 47 15 1395
756 1379 582 1174
771 1416 1486 445
183 643 1293 1101
1359 1412 1018 864
1458 995 187 995
674 1295 909 1295
107 59 905 993
350 804 402 1312
1020 197 1585 1166
176 945 688 1026
1572 491 708 518
1243 1332 1589 1527
228 164 507 662
1250 883 62 1511
356 340 255 1470
553 377 1178 832
898 1207 962 357
209 1191 172 120
91 1475 1301 800
1330 1035 529 286
813 134 911 57
1389 891 1195 1622
1611 1002 141 799
339 181 1093 1072
363 638 1067 510
578 785 302 221
1640 555 673 76
833 611 135 624
1238 533 1531 1426
1573 1565 426 496
395 830 1476 116
931 537 991 1010
1222 1450 46 43
640 550 1115 397
1260 523 795 990
258 792 1144 1235
1302 1411 1179 528
771 1416 1486 445
1378 788 1472 606
693 1280 109 1500
406 526 1199 1414
56 1266 462 1525
1564 137 1112 419
311 914 834 391
1299 1505 1632 511
1503 267 217 133
1586 1043 1543 1488
122 300 967 1624
1490 508 307 817
190 857 1464 1401
179 404 470 475
139 1478 848 1013
1052 1047 1454 338
1221 543 590 860
1631 1393 774 1615
1537 422 1057 291
1149 1399 1484 1591
1389 891 1195 1622
1098 1603 1557 796
1598 477 842 398
287 974 1314 704
1140 816 85 747
203 940 564 74
779 763 253 352
985 625 456 781
1627 1520 261 314
1282 651 761 1626
1490 508 307 817
815 1146 23 337
894 1131 1032 1315
851 509 225 622
308 1082 484 874
280 82 762 1183
285 1321 966 1625
535 358 560 45
1250 883 62 1511
97 230 464 1388
904 70 485 586
683 1148 193 1108
773 645 776 573
845 444 1465 482
1279 1229 259 588
1452 12 554 128
1459 463 1051 1139
1000 1048 547 238
775 920 1070 659
247 354 617 403
308 1082 484 874
366 1425 1562 7
1133 472 1493 1272
284 240 1366 1366
1189 875 14 368
412 915 868 1164
1058 77 1433 49
493 716 1177 1053
290 353 1334 273
1523 1483 1078 186
323 226 103 965
1243 1332 1589 1527
199 618 1619 410
165 1065 1397 1592
1630 727 732 288
290 353 1334 273
1068 959 1487 460
260 844 1435 1550
201 712 654 201
1637 1258 224 1197
90 906 405 960
235 1356 741 1306
568 1370 1596 1019
284 240 1366 240
423 698 1548 1181
1394 1027 244 563
33 24 1168 897
1303 123 665 1567
1404 968 631 1316
970 1039 173 184
996 417 1050 245
1523 1483 1078 186
275 25 113 658
1573 1565 426 496
701 1349 106 1226
1556 502 1460 1469
441 644 297 281
882 394 722 277
924 1171 411 1555
976 840 746 341
1595 949 1436 972
330 94 160 1100
1218 1308 1253 469
292 48 821 1147
1203 1269 1040 575
893 1453 1122 376
679 956 1559 96
165 1065 1397 1592
1339 1077 576 29
764 216 129 854
1490 508 307 817
1068 959 1487 460
351 399 346 1534
970 1039 173 184
122 300 967 1624
433 1357 652 1504
1452 12 554 128
1220 634 616 616
1482 322 1227 1512
95 852 1331 1360
1618 557 1497 1372
418 248 992 294
251 389 1038 431
565 52 1273 1157
536 900 101 1017
1347 1392 1091 954
538 3 279 50
366 1425 1562 7
1509 666 710 35
1142 580 271 987
91 1475 1301 800
1564 137 1112 419
545 229 87 336
127 999 680 1169
213 650 542 58
1319 888 1569 1319
494 1587 786 591
1303 123 665 1567
1219 865 71 1605
298 1612 318 1612
544 461 1551 930
1341 1602 1170 400
1302 1411 1179 528
1213 114 1126 381
1151 147 1284 1457
594 766 917 1547
571 730 387 231
669 206 1270 1097
243 1158 1575 879
540 772 889 696
733 1005 1441 1441
1448 283 1037 295
1 938 824 1141
1636 215 963 215
153 1106 1617 715
474 1593 180 1286
383 871 99 1214
26 770 1107 1456
1254 10 420 1064
1118 1508 947 374
985 625 456 781
936 234 587 642
1275 222 982 600
603 1105 1463 1532
849 1049 1061 1471
669 206 1270 1097
1068 959 1487 460
408 522 681 1109
1413 185 435 1267
532 1291 707 158
567 612 1387 1160
597 1501 749 111
105 454 807 895
898 1207 962 357
605 1419 148 1621
1294 483 1563 839
531 837 335 425
1627 1520 261 1627
1329 81 480 641
1278 829 943 459
452 1224 328 69
122 300 967 1624
561 1403 1558 706
228 164 507 662
372 305 519 615
1198 942 37 1422
1352 1415 1576 1352
1230 296 636 777
401 768 1059 1251
596 1489 801 140
330 94 160 1100
145 884 691 592
1007 1430 1447 1522
737 534 489 5
683 1148 193 1108
107 59 905 993
290 353 1334 273
1055 971 604 1335
360 386 1633 1111
1537 422 1057 291
110 155 937 896
1299 1505 1632 511
1277 159 132 853
1134 188 944 1577
493 716 1177 1053
757 1491 1104 677
1341 1602 1170 400
423 698 1548 1181
1045 1184 1581 728
292 48 821 1147
1069 1119 1545 1069
1588 835 6 177
711 861 794 1517
1103 566 102 1375
849 1049 1061 1471
721 748 256 521
125 907 1377 1350
1094 1571 1187 309
596 1489 801 140
408 522 681 1109
323 226 103 965
678 1120 439 1120
1103 566 102 1375
924 1171 411 1555
110 155 937 896
356 340 255 1470
310 610 1318 1479
56 1266 462 1525
530 675 143 1358
970 1039 173 184
686 1086 1089 787
1250 883 62 1511
1206 1384 1477 1015
218 1117 1381 692
545 229 87 336
1045 1184 1581 728
1247 601 1445 950
1598 477 842 398
1329 81 480 641
183 643 1293 1101
1285 867 38 1001
332 1085 744 1298
1189 875 14 368
1336 725 1193 589
532 1291 707 158
1503 267 217 133
684 759 1248 1087
845 444 1465 482
693 1280 109 1500
1271 702 293 457
757 1491 1104 677
527 370 192 820
1322 812 1440 146
1439 1614 434 1257
633 1288 421 1073
274 1296 1629 1046
1203 1269 1040 575
1260 523 795 990
695 981 382 602
1025 694 1408 1276
553 377 1178 832
734 55 1092 1167
605 1419 148 1621
678 1120 439 910
1413 185 435 1267
1220 634 616 86
213 650 542 58
695 981 382 602
1329 81 480 641
985 625 456 781
1094 1571 1187 309
1347 1392 1091 954
1000 1048 547 238
1069 1119 1545 1119
515 68 1036 1462
355 487 656 1538
775 920 1070 659
39 934 878 365
251 389 1038 431
205 1102 1155 887
1459 463 1051 1139
332 1085 744 1298
1561 61 154 166
699 964 743 232
441 644 297 281
275 25 113 658
474 1593 180 1286
323 226 103 965
1114 514 998 760
1561 61 154 166
1427 1234 1540 903
719 449 1161 740
802 627 581 1132
1480 1223 856 1008
67 250 513 798
359 755 979 750
165 1065 1397 1592
433 1357 652 1504
452 1224 328 69
1083 1099 1031 1031
1611 1002 141 799
1326 138 1502 242
975 1033 501 870
893 1453 1122 376
407 585 648 16
1114 514 998 760
1211 170 1233 130
194 714 344 1584
90 906 405 960
1256 789 1323 1162
713 973 1290 1539
350 804 402 1312
1432 657 783 670
205 1102 1155 887
1016 1116 373 1152
1302 1411 1179 528
885 1348 980 885
363 638 1067 510
1382 881 447 2
1054 1265 1552 1022
495 1600 136 1175
955 1317 112 157
1025 694 1408 1276
1274 1376 1574 1580
41 1613 63 1446
1568 828 723 264
1133 472 1493 1272
1382 881 447 2
1311 361 668 1386
1328 88 249 396
1247 601 1445 950
1143 736 1042 214
731 1289 1307 1011
1118 1508 947 374
548 438 689 1268
1189 875 14 368
1076 265 646 1173
531 837 335 425
235 1356 741 1306
332 1085 744 1298
1394 1027 244 563
182 1208 1638 299
1260 523 795 990
1400 168 1063 1409
515 68 1036 1462
126 866 1123 1528
1305 151 504 524
488 198 313 98
1136 932 1172 948
80 758 873 497
359 755 979 750
91 1475 1301 800
1630 727 732 288
1275 222 982 600
176 945 688 1026
686 1086 1089 787
258 792 1144 1235
608 1225 1205 1062
1219 865 71 1605
1373 1128 1190 767
372 305 519 615
742 1228 623 841
721 748 256 521
26 770 1107 1456
1277 159 132 132
41 1613 63 1446
1359 1412 1018 864
827 620 1185 859
1090 803 754 690
1339 1077 576 29
1394 1027 244 563
1083 1099 1031 427
1466 676 1529 1507
882 394 722 277
701 1349 106 1226
941 989 66 908
975 1033 501 870
1340 174 806 75
621 1056 1590 266
1572 491 708 518
1114 514 998 760
182 1208 1638 299
359 755 979 750
536 900 101 1017
1271 702 293 457
330 94 160 1100
1020 197 1585 1166
41 1613 63 1446
1264 923 1420 700
441 644 297 281
955 1317 112 157
1241 626 539 257
1494 958 424 1216
285 1321 966 1625
145 884 691 592
1519 392 843 161
1406 89 131 1310
243 1158 1575 879
275 25 113 658
310 610 1318 1479
208 327 498 326
1305 151 504 524
1300 935 1601 348
1458 995 187 187
1336 725 1193 589
1217 1210 28 1338
1282 651 761 1626
308 1082 484 874
1480 1223 856 1008
27 738 1074 17
565 52 1273 1157
597 1501 749 111
95 852 1331 1360
1149 1399 1484 1591
1382 881 447 2
718 362 672 649
734 55 1092 1167
628 317 1165 442
73 1239 384 1515
739 1616 953 629
699 964 743 232
1 938 824 1141
1570 1150 1498 664
661 598 1129 1367
1154 753 1390 607
936 234 587 642
901 282 367 927
1627 1520 261 261
258 792 1144 1235
280 82 762 1183
1455 512 1421 912
661 598 1129 1367
545 229 87 336
311 914 834 391
1069 1119 1545 1545
1330 1035 529 286
107 59 905 993
455 1554 347 1261
545 229 87 336
894 1131 1032 1315
395 830 1476 116
1153 196 195 478
1313 1553 167 687
139 1478 848 1013
1305 151 504 524
655 325 144 121
1231 1371 1255 778
330 94 160 1100
819 1510 207 202
1260 523 795 990
274 1296 1629 1046
1151 147 1284 1457
682 451 952 1196
67 250 513 798
530 675 143 1358
1618 557 1497 1372
175 1473 593 378
84 78 1041 977
287 974 1314 704
1254 10 420 1064
1537 422 1057 291
718 362 672 649
270 850 1292 1292
260 844 1435 1550
310 610 1318 1479
731 1289 1307 1011
678 1120 439 678
1588 835 6 177
56 1266 462 1525
863 1594 150 765
320 1542 886 1542
407 585 648 16
433 1357 652 1504
527 370 192 820
790 104 1599 40
1418 1200 782 928
686 1086 1089 787
246 60 1263 432
1023 436 342 697
39 934 878 365
845 444 1465 482
1351 1245 268 345
263 810 393 791
1278 829 943 459
544 461 1551 930
621 1056 1590 266
813 134 911 57
153 1106 1617 715
579 831 818 1201
527 370 192 820
26 770 1107 1456
1186 1202 877 1549
1133 472 1493 1272
1140 816 85 747
316 304 115 316
1452 12 554 128
1058 77 1433 49
1287 1060 262 846
876 1075 72 613
