2040
8
436 1922 1680 1832 312 310 794 1815
964 377 1333 626 430 1962 87 645
ACADDBDDACDAABDCACDADDCACCDCACBDDBBABABBACBDBAADBDACDBCCAABDBABDCDDAADBDBDCABADCDDBCCCBDCBBADBDDCBCCABBDDCABCBBCADCDBCAAABAAACCCDDCBCCABCBBACBDACCACDCCACAADBDBBDAAACDDDDDAAAADBDABDBDADBCACDBCBCABBDCCBBCAAADADBABADADABDCCBCCBACDDCACCBDDCACDDCACBBADBCCCCBBBBCCABCDDABCBDAABDCADBCBAA
1375 762 542 1726
1538 860 718 127
315 1658 1014 2028
1296 1586 1509 1344
768 1057 1128 1034
1858 346 1287 1403
1614 1101 1150 635
1424 1183 690 2013
262 1345 188 1762
972 1305 1570 631
960 1669 1173 1332
711 1146 632 685
1083 1967 33 1791
1262 590 357 72
859 539 79 1383
1196 1270 1825 1168
456 27 448 520
1306 995 1988 173
809 208 1624 643
945 596 969 11
441 702 399 603
2035 628 2020 754
1816 2025 1367 1526
1944 1038 416 1718
800 1385 526 1601
1621 1118 1041 1027
1440 12 938 1505
1123 1309 936 406
1191 1047 1566 1845
1000 541 546 340
1192 1225 949 124
1659 1584 371 758
1242 780 720 483
1335 1404 637 1308
121 420 163 1339
900 21 1963 1629
1040 918 1809 314
1387 855 1855 1148
1250 1794 322 266
1579 1289 1490 965
502 1307 2030 1644
1607 1390 379 752
813 1079 1880 1162
648 128 1494 123
751 753 1209 1793
721 435 1087 1922
1412 838 1088 1901
1446 378 1615 1657
1092 1018 250 1368
1334 1531 1072 682
1541 25 1728 1374
2011 564 1075 2038
1462 778 1363 185
1892 89 299 935
1386 1068 481 1851
1711 1223 1819 1411
2026 727 1147 1545
1230 1240 489 263
408 1276 236 1893
1850 882 58 717
1541 25 1728 1374
1474 1800 901 1573
1684 1089 358 1969
287 776 1315 1416
1359 1990 1725 861
517 1594 283 42
1525 589 1544 52
1691 617 492 730
907 1833 1174 1071
1420 1577 270 294
998 1665 1741 1665
170 429 817 787
1952 1724 1676 1179
874 491 1747 1881
1652 195 1268 764
205 308 232 212
1715 293 1831 1750
499 798 876 733
1001 156 1037 86
892 872 1522 470
1431 951 1781 673
1484 980 1664 38
433 1552 1438 1605
824 734 680 2002
2016 1820 176 599
592 1349 832 977
1982 223 1808 1872
452 1592 257 162
601 551 714 981
716 242 361 482
278 1116 674 927
324 1656 1853 1527
1848 1836 1107 1398
279 1565 1428 532
1306 995 1988 173
735 908 1319 148
740 291 827 1299
1260 697 440 792
287 776 1315 1416
1338 1435 1991 943
92 2001 2007 810
1425 822 1569 669
684 2005 455 1714
313 1051 840 1214
1563 619 1358 749
1311 566 1723 870
1169 247 594 903
1484 980 1664 38
1997 1200 2003 204
363 1905 351 253
376 141 1152 265
942 1159 522 1733
1180 419 1086 1790
844 1417 1004 1127
1405 473 826 933
1064 1720 929 1218
574 2014 1535 165
363 1905 351 253
1421 507 846 1936
2024 708 1920 389
723 883 561 583
1499 1208 59 1520
1046 823 1623 1702
1096 1556 1171 57
1266 1197 825 1960
1153 1876 1114 1899
1102 595 649 62
1046 823 1623 1702
1579 1289 1490 965
1424 1183 690 2013
100 133 1140 578
1039 676 1909 862
1338 1435 1991 943
1420 1577 270 294
1425 822 1569 669
1525 589 1544 52
1837 198 305 1773
434 146 1476 1965
1321 1786 1732 1679
751 753 1209 1793
1457 154 48 280
1639 1588 1939 1939
574 2014 1535 165
1614 1101 1150 635
1354 1120 478 101
465 117 1918 143
581 1792 689 581
103 157 1331 1551
1193 222 686 401
456 27 448 520
1264 119 893 1843
1050 254 767 693
1436 319 785 362
1446 378 1615 1657
1386 1068 481 1851
592 1349 832 1349
684 2005 455 1714
320 484 1282 868
809 208 1624 643
598 1709 1514 1117
1106 625 1458 349
1030 1550 495 475
723 883 561 583
17 518 150 931
1138 1917 742 1760
600 1799 186 841
1699 1318 1035 607
1953 515 1768 971
543 1502 999 339
1060 292 1906 640
1334 1531 1072 682
1687 131 1100 1736
256 1033 1630 24
1141 713 1468 1677
19 159 1478 2010
15 1382 1611 519
1699 1318 1035 607
1475 458 1589 884
681 239 788 671
1895 1061 246 1472
1673 1666 175 1761
1170 1887 888 194
1743 1255 1524 1080
121 420 163 1339
1555 731 272 1337
988 20 1708 1828
1326 365 956 360
1774 510 1166 132
325 748 1539 1667
1311 566 1723 870
444 1693 1867 1867
972 1305 1570 631
70 1175 134 1729
331 538 77 658
1434 732 627 886
615 1231 633 747
1377 1029 472 1002
729 18 95 1572
1533 567 211 1198
869 1356 63 1236
1058 573 799 1453
47 396 1878 1772
363 1905 351 253
1418 1973 356 1201
1272 695 895 1459
978 1558 521 1523
1408 1914 1627 1613
391 1751 700 1212
1659 1584 371 758
919 1496 26 1294
1875 295 241 225
1272 695 895 1459
1394 1937 84 1553
498 273 683 1077
2032 724 224 807
922 85 474 1036
572 359 67 136
557 1604 1239 1604
1040 918 1809 314
585 35 1263 184
213 460 1911 1341
503 545 75 1559
303 248 1996 1429
605 1247 1498 1360
1873 497 258 94
1141 713 1468 1677
1386 1068 481 1851
1405 473 826 933
1596 875 1049 1610
598 1709 1514 1117
940 306 1511 1511
1272 695 895 1459
313 1051 840 1214
380 854 647 611
439 41 1389 1304
914 80 1877 766
1350 6 338 1430
942 1159 522 1733
1194 1764 199 1216
615 1231 633 747
1873 497 258 94
461 1811 1011 286
1137 1568 1090 593
1353 1025 1950 1495
1335 1404 637 1308
394 381 1003 328
808 214 2022 655
652 609 65 553
1277 201 1324 1649
1805 2009 1078 533
1354 1120 478 101
1091 1371 1581 98
374 608 1185 443
915 1413 1483 1512
740 291 827 1299
1944 1038 416 1944
1030 1550 495 475
279 1565 1428 532
112 238 830 1165
1888 1844 1221 2000
178 462 1228 562
1774 510 1166 132
364 1065 1995 1465
1837 198 305 1773
1457 154 48 280
993 1788 2029 1401
1491 166 1641 412
1375 762 542 1726
978 1558 521 1523
147 1186 802 802
1265 672 1310 288
1587 771 1546 989
512 505 1643 297
1827 1343 1766 924
618 687 453 1256
735 908 1319 148
1492 1407 1190 107
1688 411 1244 488
745 1132 451 1203
1446 378 1615 1657
1639 1588 1939 645
919 1496 26 1294
1607 1390 379 752
622 765 1946 550
1091 1371 1581 98
941 514 1397 463
1735 90 1022 1253
986 1948 334 606
325 748 1539 1667
1508 1329 534 2021
1131 200 1619 1721
23 1846 679 372
985 902 1567 1267
147 1186 802 1085
1873 497 258 94
1711 1223 1819 1411
853 881 91 1934
1651 81 1802 1968
601 551 714 981
1415 1384 1834 1189
1448 1005 820 1493
849 66 400 309
652 609 65 553
1759 1689 996 974
729 18 95 1572
835 653 811 653
1032 1931 88 928
1272 695 895 1459
517 1594 283 42
1647 1251 1776 921
1653 1675 1044 2018
874 491 1747 1881
7 144 616 501
657 1540 966 1113
78 905 1742 1578
1055 1868 151 1048
1691 617 492 730
588 36 404 1010
889 1885 2006 1885
1940 1672 469 1600
1347 1637 174 226
993 1788 2029 1401
622 765 1946 765
316 959 1381 565
1910 656 536 1616
325 748 1539 1667
423 260 815 1445
1449 1972 916 880
1593 1704 1503 217
1639 1588 1939 1639
1715 293 1831 1750
336 46 2040 336
1924 13 741 621
418 1549 45 140
1074 1489 1632 994
721 435 1087 1922
1191 1047 1566 1845
1858 346 1287 1403
1854 2039 1444 1501
547 1863 1342 1994
1408 1914 1627 1613
1134 1439 450 1832
160 850 230 1779
978 1558 521 1523
1160 221 1608 1646
911 954 1237 1752
1795 1518 122 1767
1837 198 305 1773
1154 1370 926 1008
1353 1025 1950 1495
374 608 1185 443
998 1665 1741 998
919 1496 26 1294
1590 235 917 1534
1491 166 1641 412
158 1532 1460 591
170 429 817 787
1485 1935 43 1488
1525 589 1544 52
330 1923 142 281
461 1811 1011 286
889 1885 2006 1631
374 608 1185 443
1695 1482 1073 1012
330 1923 142 1923
706 694 1357 852
110 203 118 1560
313 1051 840 1214
1063 1874 1719 1067
1796 1017 1257 1871
1785 577 1233 1205
1816 2025 1367 1526
395 962 1660 970
210 1916 282 353
1953 515 1768 971
1457 154 48 280
1280 1744 1521 1124
1612 887 1026 698
535 756 181 1662
53 804 1928 1861
1449 1972 916 880
934 1062 1108 664
1266 1197 825 1960
1378 1529 973 757
1448 1005 820 1493
1674 1896 506 113
867 774 367 1452
839 496 531 438
1515 801 1069 797
1243 691 1993 525
1703 1204 587 60
1562 1654 602 1220
1109 1712 1392 1813
1449 1972 916 880
1258 1241 1177 426
1412 838 1088 1901
763 304 480 582
1508 1329 534 2021
1635 1143 612 1787
517 1594 283 42
503 545 75 1559
934 1062 1108 664
61 51 405 477
900 21 1963 1629
1541 25 1728 1374
30 1835 1352 629
1651 81 1802 1968
914 80 1877 766
1050 254 767 693
907 1833 1174 1071
318 1978 504 1603
600 1799 186 841
1137 1568 1090 593
1683 2034 1838 116
998 1665 1741 1741
332 819 851 851
2 1777 1771 529
751 753 1209 1793
1158 1336 2012 1575
723 883 561 583
1353 1025 1950 1495
1300 1373 397 1054
1888 1844 1221 2000
849 66 400 309
1155 654 992 1254
1775 1925 1395 1817
431 1202 509 87
1932 1701 1447 76
1060 292 1906 640
972 1305 1570 631
843 1770 120 794
1903 791 1125 1903
1226 197 623 1081
465 117 1918 143
1280 1744 1521 1124
1964 2033 202 1467
1375 762 542 1726
234 558 1325 1301
502 1307 2030 1644
171 1915 50 1897
1635 1143 612 1787
737 289 326 189
210 1916 282 353
560 1121 575 560
355 267 821 790
1711 1223 1819 1411
56 446 296 1680
1440 12 938 1505
618 687 453 1256
410 1217 1599 69
1882 563 636 1372
1030 1550 495 475
660 1376 130 8
237 1798 1442 1274
726 932 1983 984
1440 12 938 1505
182 1271 1021 1151
383 1865 125 816
1155 654 992 1254
1394 1937 84 1553
941 514 1397 463
1475 458 1589 884
1052 249 1145 1889
1353 1025 1950 1495
574 2014 1535 165
1105 1178 549 1902
395 962 1660 970
1705 847 74 312
49 1410 894 597
1987 366 1830 571
648 128 1494 123
775 1317 337 29
630 1763 772 1286
2016 1820 176 599
1469 1955 138 976
1433 259 2019 1739
1541 25 1728 1374
92 2001 2007 810
1275 1722 28 842
1759 1689 996 974
1182 750 580 457
461 1811 1011 286
1487 1783 812 946
1940 1672 469 1600
1593 1704 1503 217
1932 1701 1447 76
740 291 827 1299
318 1978 504 1603
364 1065 1995 1465
1848 1836 1107 1398
10 665 192 523
1259 759 677 1516
784 1985 1678 1199
1628 153 779 1224
1469 1955 138 976
234 558 1325 1301
279 1565 1428 532
512 505 1643 297
950 271 715 1822
1590 235 917 1534
1614 1101 1150 635
449 678 1480 275
1652 195 1268 764
588 36 404 1010
853 881 91 1934
1180 419 1086 1790
1989 9 1692 688
1415 1384 1834 1189
843 1770 120 794
1039 676 1909 862
352 71 415 1312
853 881 91 1934
437 1142 1 268
1052 249 1145 1889
2004 1097 1890 744
1311 566 1723 870
1607 1390 379 752
456 27 448 520
859 539 79 1383
1440 12 938 1505
1391 513 1043 1782
1163 795 1698 1066
972 1305 1570 631
1321 1786 1732 1679
554 1320 1976 1583
1829 1740 806 829
899 342 1393 899
666 1564 409 152
1538 860 718 127
1082 1754 261 1661
234 558 1325 1301
745 1132 451 1203
32 1663 209 1497
1713 1640 1461 890
1673 1666 175 1761
586 1694 1129 1842
237 1798 1442 1274
1715 293 1831 1750
1001 156 1037 86
557 1604 1239 1239
547 1863 1342 1994
1149 335 1510 904
1854 2039 1444 1501
1982 223 1808 1872
1652 195 1268 764
547 1863 1342 1994
1441 386 1852 1455
1886 39 1327 1184
1645 180 1685 864
1477 642 828 1210
646 1784 1213 576
978 1558 521 1523
1359 1990 1725 861
228 115 1328 641
1964 2033 202 1467
40 129 1884 1591
863 447 1840 863
380 854 647 611
1164 782 1364 833
1757 1979 1451 1757
1622 108 82 1369
1475 458 1589 884
1998 323 1103 323
387 1977 1716 701
1055 1868 151 1048
1144 139 1942 524
1875 295 241 225
1106 625 1458 349
1032 1931 88 928
1347 1637 174 226
706 694 1357 852
1525 589 1544 52
1690 1537 1625 1471
1138 1917 742 1760
1757 1979 1451 1451
471 738 44 1219
1959 229 1941 1238
1338 1435 1991 943
1063 1874 1719 1067
182 1271 1021 1151
2035 628 2020 2035
1759 1689 996 974
1622 108 82 1369
1508 1329 534 2021
121 420 163 1339
1181 1620 1292 126
1850 882 58 717
900 21 1963 1629
2011 564 1075 2038
170 429 817 787
320 484 1282 868
1765 218 540 1765
1340 537 1298 454
808 214 2022 655
1474 1800 901 1573
960 1669 1173 1332
1092 1018 250 1368
668 871 906 1547
15 1382 1611 519
988 20 1708 1828
646 1784 1213 576
1399 831 1812 1013
1635 1143 612 1787
1347 1637 174 226
1970 1958 1161 494
418 1549 45 140
493 1409 1789 1585
210 1916 282 353
1359 1990 1725 861
1053 393 1281 1016
53 804 1928 1861
164 1076 991 834
1155 654 992 1254
527 1450 1975 1975
796 442 722 1187
1614 1101 1150 635
1259 759 677 1516
660 1376 130 8
375 168 1414 773
14 1730 1980 1285
1083 1967 33 1791
1477 642 828 1477
1377 1029 472 1002
1296 1586 1509 1344
1154 1370 926 1008
624 705 4 1007
105 670 1900 1571
1519 955 1362 955
1000 541 546 340
662 1866 1806 620
1402 707 307 569
370 1463 1400 1907
796 442 722 1187
1053 393 1281 1016
421 350 244 464
1998 323 1103 1103
704 467 1215 373
1932 1701 1447 76
61 51 405 477
23 1846 679 372
1405 473 826 933
1227 1206 468 1206
391 1751 700 1212
1063 1874 1719 1067
1399 831 1812 1013
471 738 44 1219
53 804 1928 1861
1046 823 1623 1702
1474 1800 901 1573
1827 1343 1766 924
1924 13 741 621
1359 1990 1725 861
1291 1028 1112 310
1847 1945 1023 879
498 273 683 1077
586 1694 1129 1842
73 1486 837 1346
1715 293 1831 1750
940 306 1511 897
1424 1183 690 2013
190 106 1031 516
14 1730 1980 1285
934 1062 1108 664
912 179 1513 1898
972 1305 1570 631
1050 254 767 693
1697 417 1380 1365
1015 530 710 675
486 638 1857 428
1563 619 1358 749
1194 1764 199 1216
986 1948 334 606
392 1696 1598 1157
1688 411 1244 488
1082 1754 261 1661
1348 5 769 1094
651 1020 333 944
618 687 453 1256
1816 2025 1367 1526
384 1351 1671 979
1194 1764 199 1216
1045 1769 172 1756
512 505 1643 297
726 932 1983 984
370 1463 1400 1907
503 545 75 1559
660 1376 130 8
262 1345 188 1762
2035 628 2020 2020
490 93 1749 699
554 1320 1976 1583
432 1246 1758 1966
915 1413 1483 1512
311 925 1245 2037
3 1195 1869 1753
1508 1329 534 2021
171 1915 50 1897
1543 1908 1609 1913
1848 1836 1107 1398
1703 1204 587 60
867 774 367 1452
1635 1143 612 1787
844 1417 1004 1127
395 962 1660 970
1296 1586 1509 1344
311 925 1245 2037
1032 1931 88 928
1515 801 1069 797
190 106 1031 516
1082 1754 261 1661
370 1463 1400 1907
1243 691 1993 525
1167 857 777 1303
646 1784 1213 576
1265 672 1310 288
461 1811 1011 286
1230 1240 489 263
1102 595 649 62
1943 341 1999 207
1487 1783 812 946
1280 1744 1521 1124
737 289 326 189
1622 108 82 1369
605 1247 1498 1360
352 71 415 1312
344 206 552 269
725 1507 511 1801
1943 341 1999 207
1306 995 1988 173
1259 759 677 1516
1587 771 1546 989
105 670 1900 1571
950 271 715 1822
384 1351 1671 979
103 157 1331 1551
70 1175 134 1729
325 748 1539 1667
648 128 1494 123
1528 145 251 1426
1131 200 1619 1721
1083 1967 33 1791
317 770 1597 68
1104 1904 1926 1133
413 243 1826 865
1882 563 636 1372
70 1175 134 1729
796 442 722 1187
1910 656 536 1616
375 168 1414 773
182 1271 1021 1151
610 856 1561 634
535 756 181 1662
610 856 1561 634
1519 955 1362 964
1099 54 1479 1019
1673 1666 175 1761
987 1780 274 650
1785 577 1233 1205
651 1020 333 944
1697 417 1380 1365
543 1502 999 339
1149 335 1510 904
1759 1689 996 974
1434 732 627 886
1477 642 828 642
892 872 1522 470
915 1413 1483 1512
508 789 300 1500
768 1057 1128 1034
1691 617 492 730
2036 1748 83 1602
662 1866 1806 620
1953 515 1768 971
110 203 118 1560
1191 1047 1566 1845
1735 90 1022 1253
948 385 1422 301
1555 731 272 1337
1436 319 785 362
1487 1783 812 946
444 1693 1867 444
1130 1862 466 1464
70 1175 134 1729
196 240 1504 1682
889 1885 2006 2006
1243 691 1993 525
1060 292 1906 640
1194 1764 199 1216
1415 1384 1834 1189
1491 166 1641 412
1618 2017 231 2017
171 1915 50 1897
1492 1407 1190 107
2024 708 1920 389
1234 1707 1396 967
737 289 326 189
1361 858 544 1864
950 271 715 1822
1690 1537 1625 1471
1829 1740 806 829
1361 858 544 1864
581 1792 689 689
1386 1068 481 1851
1462 778 1363 185
997 1626 1456 1894
37 923 1554 219
605 1247 1498 1360
498 273 683 1077
391 1751 700 1212
324 1656 1853 1527
1291 1028 1112 310
102 135 1650 1176
1859 1961 220 898
1091 1371 1581 98
1888 1844 1221 2000
1266 1197 825 1960
1060 292 1906 640
666 1564 409 152
336 46 2040 46
1814 1248 1093 1824
1491 166 1641 412
486 638 1857 428
285 1883 252 814
384 1351 1671 979
1929 703 1706 114
630 1763 772 1286
1131 200 1619 1721
1227 1206 468 468
37 923 1554 219
942 1159 522 1733
169 761 1956 1717
1765 218 540 540
1130 1862 466 1464
17 518 150 931
1291 1028 1112 310
666 1564 409 152
1952 1724 1676 1179
963 1024 760 667
234 558 1325 1301
7 144 616 501
988 20 1708 1828
1123 1309 936 406
2024 708 1920 389
1849 1126 1070 1136
1275 1722 28 842
1989 9 1692 688
874 491 1747 1881
160 850 230 1779
517 1594 283 42
598 1709 1514 1117
336 46 2040 2040
311 925 1245 2037
278 1116 674 927
53 804 1928 1861
109 1860 1737 1700
1053 393 1281 1016
948 385 1422 301
1982 223 1808 1872
1001 156 1037 86
1102 595 649 62
1172 743 1807 1557
1348 5 769 1094
56 446 296 1680
1895 1061 246 1472
1137 1568 1090 593
793 1473 1156 277
110 203 118 1560
1940 1672 469 1600
1684 1089 358 1969
1144 139 1942 524
1015 530 710 675
1987 366 1830 571
40 129 1884 1591
10 665 192 523
866 1009 1839 983
950 271 715 1822
997 1626 1456 1894
1252 99 1548 64
1746 1323 1211 445
1056 1273 755 1582
278 1116 674 927
1230 1240 489 263
1622 108 82 1369
383 1865 125 816
934 1062 1108 664
105 670 1900 1571
1543 1908 1609 1913
331 538 77 658
1984 1269 614 1984
1279 264 348 137
1243 691 1993 525
1987 366 1830 571
1421 507 846 1936
1092 1018 250 1368
3 1195 1869 1753
1300 1373 397 1054
835 653 811 1962
585 35 1263 184
1134 1439 450 1832
441 702 399 603
961 1427 1536 1188
1638 1879 414 1710
808 214 2022 655
1074 1489 1632 994
499 798 876 733
1015 530 710 675
1574 975 1135 1992
103 157 1331 1551
1699 1318 1035 607
1302 937 709 661
1938 31 957 1841
681 239 788 671
1743 1255 1524 1080
892 872 1522 470
354 1095 968 500
1056 1273 755 1582
439 41 1389 1304
657 1540 966 1113
1621 1118 1041 1027
432 1246 1758 1966
345 1951 930 1297
2016 1820 176 599
1040 918 1809 314
1778 1443 739 1366
1653 1675 1044 2018
1506 2015 1818 149
1688 411 1244 488
452 1592 257 162
2023 1642 347 1981
1160 221 1608 1646
456 27 448 520
344 206 552 269
630 1763 772 1286
912 179 1513 1898
601 551 714 981
30 1835 1352 629
190 106 1031 516
711 1146 632 685
444 1693 1867 1693
835 653 811 835
1052 249 1145 1889
1163 795 1698 1066
1437 276 1617 96
1924 13 741 621
960 1669 1173 1332
102 135 1650 1176
1743 1255 1524 1080
1448 1005 820 1493
1096 1556 1171 57
1265 672 1310 288
392 1696 1598 1157
1164 782 1364 833
839 496 531 438
1938 31 957 1841
1084 1595 555 436
330 1923 142 142
1192 1225 949 124
1943 341 1999 207
1055 1868 151 1048
746 783 193 736
712 390 891 786
1258 1241 1177 426
1697 417 1380 1365
47 396 1878 1772
1971 896 422 1517
73 1486 837 1346
55 803 155 227
1590 235 917 1534
960 1669 1173 1332
1258 1241 1177 426
2004 1097 1890 744
1402 707 307 569
987 1780 274 650
1668 16 1122 1278
624 705 4 1007
434 146 1476 1965
1765 218 540 1686
1391 513 1043 1782
1378 1529 973 757
1387 855 1855 1148
646 1784 1213 576
781 939 191 1921
793 1473 1156 277
344 206 552 269
1638 1879 414 1710
418 1549 45 140
1827 1343 1766 924
945 596 969 11
2036 1748 83 1602
1313 1110 388 953
17 518 150 931
1847 1945 1023 879
982 1290 1681 1804
692 2008 920 1912
256 1033 1630 1033
1668 16 1122 1278
1249 947 913 183
1326 365 956 1326
1854 2039 1444 1501
547 1863 1342 1994
592 1349 832 592
775 1317 337 29
1449 1972 916 880
1849 1126 1070 1136
1814 1248 1093 1824
1433 259 2019 1739
1296 1586 1509 1344
1506 2015 1818 149
793 1473 1156 277
900 21 1963 1629
941 514 1397 463
403 1222 1330 639
169 761 1956 1717
78 905 1742 1578
1082 1754 261 1661
1109 1712 1392 1813
1293 1927 548 1322
1805 2009 1078 533
1892 89 299 935
1924 13 741 621
1170 1887 888 194
716 242 361 482
1746 1323 1211 445
1697 417 1380 1365
459 613 1670 425
1543 1908 1609 1913
1530 1810 1229 1470
1647 1251 1776 921
775 1317 337 29
1469 1955 138 976
1311 566 1723 870
452 1592 257 162
1944 1038 416 1038
508 789 300 1500
493 1409 1789 1585
2016 1820 176 599
592 1349 832 832
332 819 851 819
1348 5 769 1094
657 1540 966 1113
1530 1810 1229 1470
560 1121 575 1648
437 1142 1 268
1731 2031 1542 111
1687 131 1100 1736
285 1883 252 814
1949 215 1606 1284
1264 119 893 1843
866 1009 1839 983
915 1413 1483 1512
7 144 616 501
1277 201 1324 1649
1109 1712 1392 1813
763 304 480 582
1264 119 893 1843
1099 54 1479 1019
508 789 300 1500
1690 1537 1625 1471
1106 625 1458 349
23 1846 679 372
394 381 1003 328
912 179 1513 1898
1633 877 805 1406
2023 1642 347 1981
1695 1482 1073 1012
1234 1707 1396 967
1633 877 805 1406
1182 750 580 457
1361 858 544 1864
1235 1316 878 1986
1574 975 1135 1992
1045 1769 172 1756
403 1222 1330 639
692 2008 920 1912
387 1977 1716 701
17 518 150 931
512 505 1643 297
32 1663 209 1497
1859 1961 220 898
424 1314 302 1727
1377 1029 472 1002
178 462 1228 562
1242 780 720 483
1964 2033 202 1467
581 1792 689 22
1158 1336 2012 1575
1280 1744 1521 1124
963 1024 760 667
1485 1935 43 1488
1340 537 1298 454
1260 697 440 792
1805 2009 1078 533
1734 1059 161 568
768 1057 1128 1034
1590 235 917 1534
2026 727 1147 1545
413 243 1826 865
1164 782 1364 833
1892 89 299 935
100 133 1140 578
421 350 244 464
1474 1800 901 1573
622 765 1946 1946
327 1261 1821 1870
1645 180 1685 864
1154 1370 926 1008
556 873 1388 1954
912 179 1513 1898
167 1119 909 177
839 496 531 438
1164 782 1364 833
1647 1251 1776 921
73 1486 837 1346
382 663 402 885
1943 341 1999 207
1688 411 1244 488
668 871 906 1547
1530 1810 1229 1470
1699 1318 1035 607
92 2001 2007 810
1757 1979 1451 1979
1196 1270 1825 1168
30 1835 1352 629
848 1423 1823 343
1618 2017 231 231
1235 1316 878 1986
1849 1126 1070 1136
508 789 300 1500
1181 1620 1292 126
1105 1178 549 1902
869 1356 63 1236
1882 563 636 1372
327 1261 1821 1870
410 1217 1599 69
624 705 4 1007
1235 1316 878 1986
1340 537 1298 454
317 770 1597 68
1335 1404 637 1308
1338 1435 1991 943
1167 857 777 1303
1375 762 542 1726
164 1076 991 834
1321 1786 1732 1679
1277 201 1324 1649
370 1463 1400 1907
725 1507 511 1801
109 1860 1737 1700
1074 1489 1632 994
421 350 244 464
1170 1887 888 194
1457 154 48 280
382 663 402 885
1506 2015 1818 149
1847 1945 1023 879
1492 1407 1190 107
1562 1654 602 1220
1139 1207 34 245
1163 795 1698 1066
213 460 1911 1341
1628 153 779 1224
1859 1961 220 898
1234 1707 1396 967
1130 1862 466 1464
942 1159 522 1733
1039 676 1909 862
948 385 1422 301
485 329 1432 1379
808 214 2022 655
331 538 77 658
2026 727 1147 1545
1104 1904 1926 1133
746 783 193 736
1574 975 1135 1992
1420 1577 270 294
1425 822 1569 669
1775 1925 1395 1817
1645 180 1685 864
1481 990 1957 1466
1158 1336 2012 1575
1153 1876 1114 1899
182 1271 1021 1151
490 93 1749 699
1250 1794 322 266
210 1916 282 353
581 1792 689 1792
737 289 326 189
712 390 891 786
1111 952 559 1098
1169 247 594 903
1949 215 1606 1284
1096 1556 1171 57
503 545 75 1559
1533 567 211 1198
315 1658 1014 2028
485 329 1432 1379
1929 703 1706 114
1875 295 241 225
196 240 1504 1682
1418 1973 356 1201
158 1532 1460 591
843 1770 120 794
1882 563 636 1372
1850 882 58 717
1959 229 1941 1238
1705 847 74 312
1335 1404 637 1308
408 1276 236 1893
610 856 1561 634
1227 1206 468 430
355 267 821 790
1703 1204 587 60
471 738 44 1219
7 144 616 501
395 962 1660 970
1533 567 211 1198
907 1833 1174 1071
2023 1642 347 1981
648 128 1494 123
1399 831 1812 1013
97 255 1803 487
61 51 405 477
1755 1283 1580 910
1436 319 785 362
1096 1556 1171 57
1377 1029 472 1002
1705 847 74 312
1475 458 1589 884
719 728 1115 958
364 1065 1995 1465
796 442 722 1187
922 85 474 1036
1959 229 1941 1238
55 803 155 227
1252 99 1548 64
1684 1089 358 1969
1938 31 957 1841
1596 875 1049 1610
863 447 1840 1840
364 1065 1995 1465
1775 1925 1395 1817
1487 1783 812 946
554 1320 1976 1583
318 1978 504 1603
1653 1675 1044 2018
1903 791 1125 791
1970 1958 1161 494
1734 1059 161 568
1743 1255 1524 1080
993 1788 2029 1401
345 1951 930 1297
287 776 1315 1416
716 242 361 482
1847 1945 1023 879
424 1314 302 1727
660 1376 130 8
1293 1927 548 1322
1775 1925 1395 1817
651 1020 333 944
171 1915 50 1897
423 260 815 1445
170 429 817 787
121 420 163 1339
1421 507 846 1936
986 1948 334 606
1929 703 1706 114
1638 1879 414 1710
1434 732 627 886
527 1450 1975 1450
485 329 1432 1379
1170 1887 888 194
3 1195 1869 1753
1099 54 1479 1019
1350 6 338 1430
1123 1309 936 406
914 80 1877 766
1058 573 799 1453
1196 1270 1825 1168
1837 198 305 1773
848 1423 1823 343
1109 1712 1392 1813
1940 1672 469 1600
1302 937 709 661
2032 724 224 807
1262 590 357 72
662 1866 1806 620
911 954 1237 1752
1618 2017 231 659
1971 896 422 1517
781 939 191 1921
1647 1251 1776 921
1153 1876 1114 1899
1886 39 1327 1184
1621 1118 1041 1027
922 85 474 1036
579 1974 369 644
1160 221 1608 1646
237 1798 1442 1274
1131 200 1619 1721
763 304 480 582
380 854 647 611
190 106 1031 516
948 385 1422 301
502 1307 2030 1644
1402 707 307 569
256 1033 1630 256
449 678 1480 275
704 467 1215 373
30 1835 1352 629
986 1948 334 606
1144 139 1942 524
998 1665 1741 187
839 496 531 438
849 66 400 309
1735 90 1022 1253
1252 99 1548 64
1191 1047 1566 1845
493 1409 1789 1585
103 157 1331 1551
228 115 1328 641
1355 1576 1636 1933
1886 39 1327 1184
355 267 821 790
1058 573 799 1453
380 854 647 611
330 1923 142 330
1250 1794 322 266
1405 473 826 933
1713 1640 1461 890
61 51 405 477
684 2005 455 1714
746 783 193 736
1302 937 709 661
1045 1769 172 1756
704 467 1215 373
1139 1207 34 245
1587 771 1546 989
1437 276 1617 96
723 883 561 583
237 1798 1442 1274
1394 1937 84 1553
1441 386 1852 1455
1778 1443 739 1366
579 1974 369 644
1774 510 1166 132
1952 1724 1676 1179
1141 713 1468 1677
768 1057 1128 1034
1765 218 540 218
1858 346 1287 1403
1378 1529 973 757
1000 541 546 340
459 613 1670 425
92 2001 2007 810
818 836 1930 528
1684 1089 358 1969
311 925 1245 2037
375 168 1414 773
1172 743 1807 1557
1970 1958 1161 494
1982 223 1808 1872
1084 1595 555 436
1555 731 272 1337
1130 1862 466 1464
2 1777 1771 529
1528 145 251 1426
233 104 368 1797
1805 2009 1078 533
1484 980 1664 38
1506 2015 1818 149
1260 697 440 792
1998 323 1103 284
763 304 480 582
800 1385 526 1601
1149 335 1510 904
1424 1183 690 2013
775 1317 337 29
987 1780 274 650
1593 1704 1503 217
2 1777 1771 529
1055 1868 151 1048
859 539 79 1383
1001 156 1037 86
1111 952 559 1098
1829 1740 806 829
1182 750 580 457
109 1860 1737 1700
40 129 1884 1591
502 1307 2030 1644
535 756 181 1662
437 1142 1 268
167 1119 909 177
1134 1439 450 1832
824 734 680 2002
696 398 290 584
55 803 155 227
1052 249 1145 1889
556 873 1388 1954
169 761 1956 1717
1796 1017 1257 1871
982 1290 1681 1804
1032 1931 88 928
911 954 1237 1752
704 467 1215 373
630 1763 772 1286
997 1626 1456 1894
1169 247 594 903
1232 1295 1454 216
784 1985 1678 1199
1092 1018 250 1368
1755 1283 1580 910
963 1024 760 667
354 1095 968 500
1953 515 1768 971
1111 952 559 1098
1735 90 1022 1253
1849 1126 1070 1136
158 1532 1460 591
899 342 1393 626
147 1186 802 147
1989 9 1692 688
1448 1005 820 1493
160 850 230 1779
490 93 1749 699
486 638 1857 428
1354 1120 478 101
712 390 891 786
745 1132 451 1203
652 609 65 553
1858 346 1287 1403
392 1696 1598 1157
1593 1704 1503 217
112 238 830 1165
105 670 1900 1571
1437 276 1617 96
889 1885 2006 889
735 908 1319 148
1226 197 623 1081
410 1217 1599 69
711 1146 632 685
1674 1896 506 113
1350 6 338 1430
1528 145 251 1426
476 1891 1006 1745
1888 1844 1221 2000
1612 887 1026 698
205 308 232 212
1814 1248 1093 1824
1056 1273 755 1582
899 342 1393 342
431 1202 509 509
110 203 118 1560
1690 1537 1625 1471
922 85 474 1036
1674 1896 506 113
1249 947 913 183
1446 378 1615 1657
1154 1370 926 1008
3 1195 1869 1753
320 484 1282 868
1279 264 348 137
1555 731 272 1337
1796 1017 1257 1871
1105 1178 549 1902
1695 1482 1073 1012
1313 1110 388 953
47 396 1878 1772
1167 857 777 1303
434 146 1476 1965
719 728 1115 958
479 1947 845 1655
394 381 1003 328
1492 1407 1190 107
961 1427 1536 1188
383 1865 125 816
465 117 1918 143
1227 1206 468 1227
809 208 1624 643
1892 89 299 935
618 687 453 1256
1313 1110 388 953
403 1222 1330 639
354 1095 968 500
1387 855 1855 1148
813 1079 1880 1162
1952 1724 1676 1179
102 135 1650 1176
813 1079 1880 1162
692 2008 920 1912
1971 896 422 1517
600 1799 186 841
1169 247 594 903
1814 1248 1093 1824
1046 823 1623 1702
459 613 1670 425
1621 1118 1041 1027
1659 1584 371 758
1970 1958 1161 494
408 1276 236 1893
1415 1384 1834 1189
476 1891 1006 1745
1854 2039 1444 1501
572 359 67 136
615 1231 633 747
711 1146 632 685
1193 222 686 401
352 71 415 1312
1713 1640 1461 890
579 1974 369 644
1074 1489 1632 994
835 653 811 811
354 1095 968 500
681 239 788 671
668 871 906 1547
1361 858 544 1864
651 1020 333 944
1300 1373 397 1054
1499 1208 59 1520
1084 1595 555 436
408 1276 236 1893
848 1423 1823 343
1987 366 1830 571
1391 513 1043 1782
424 1314 302 1727
2011 564 1075 2038
233 104 368 1797
316 959 1381 565
1354 1120 478 101
987 1780 274 650
719 728 1115 958
1045 1769 172 1756
320 484 1282 868
1875 295 241 225
439 41 1389 1304
1138 1917 742 1760
712 390 891 786
479 1947 845 1655
1102 595 649 62
1910 656 536 1616
73 1486 837 1346
800 1385 526 1601
376 141 1152 265
321 570 2027 604
2011 564 1075 2038
725 1507 511 1801
2036 1748 83 1602
1015 530 710 675
287 776 1315 1416
751 753 1209 1793
1469 1955 138 976
684 2005 455 1714
1226 197 623 1081
824 734 680 2002
1040 918 1809 314
1587 771 1546 989
2026 727 1147 1545
1104 1904 1926 1133
1391 513 1043 1782
1652 195 1268 764
363 1905 351 253
1053 393 1281 1016
1399 831 1812 1013
375 168 1414 773
1050 254 767 693
745 1132 451 1203
1949 215 1606 1284
1638 1879 414 1710
1340 537 1298 454
486 638 1857 428
1402 707 307 569
1563 619 1358 749
1306 995 1988 173
961 1427 1536 1188
624 705 4 1007
1139 1207 34 245
818 836 1930 528
147 1186 802 1186
499 798 876 733
1971 896 422 1517
1302 937 709 661
1260 697 440 792
1099 54 1479 1019
228 115 1328 641
1785 577 1233 1205
784 1985 1678 1199
579 1974 369 644
2036 1748 83 1602
1856 298 407 1815
383 1865 125 816
439 41 1389 1304
1579 1289 1490 965
1030 1550 495 475
572 359 67 136
1607 1390 379 752
1964 2033 202 1467
866 1009 1839 983
1691 617 492 730
1562 1654 602 1220
907 1833 1174 1071
49 1410 894 597
1829 1740 806 829
433 1552 1438 1605
588 36 404 1010
863 447 1840 447
1226 197 623 1081
2032 724 224 807
535 756 181 1662
213 460 1911 1341
321 570 2027 604
866 1009 1839 983
859 539 79 1383
1543 1908 1609 1913
1232 1295 1454 216
421 350 244 464
1612 887 1026 698
586 1694 1129 1842
735 908 1319 148
940 306 1511 940
869 1356 63 1236
1153 1876 1114 1899
1530 1810 1229 1470
1484 980 1664 38
285 1883 252 814
391 1751 700 1212
479 1947 845 1655
1249 947 913 183
1232 1295 1454 216
1436 319 785 362
441 702 399 603
1944 1038 416 416
1984 1269 614 1738
692 2008 920 1912
997 1626 1456 1894
863 447 1840 1333
164 1076 991 834
818 836 1930 528
1141 713 1468 1677
1683 2034 1838 116
1856 298 407 1815
1279 264 348 137
600 1799 186 841
1795 1518 122 1767
853 881 91 1934
449 678 1480 275
1895 1061 246 1472
213 460 1911 1341
345 1951 930 1297
1757 1979 1451 427
1058 573 799 1453
1425 822 1569 669
1431 951 1781 673
1434 732 627 886
1731 2031 1542 111
1399 831 1812 1013
1275 1722 28 842
316 959 1381 565
1612 887 1026 698
78 905 1742 1578
1785 577 1233 1205
1258 1241 1177 426
178 462 1228 562
1673 1666 175 1761
1659 1584 371 758
1387 855 1855 1148
1326 365 956 365
19 159 1478 2010
1910 656 536 1616
1196 1270 1825 1168
746 783 193 736
1155 654 992 1254
1378 1529 973 757
49 1410 894 597
19 159 1478 2010
1180 419 1086 1790
1731 2031 1542 111
1481 990 1957 1466
1167 857 777 1303
196 240 1504 1682
1355 1576 1636 1933
1711 1223 1819 1411
781 939 191 1921
615 1231 633 747
1064 1720 929 1218
1485 1935 43 1488
1895 1061 246 1472
557 1604 1239 1634
100 133 1140 578
318 1978 504 1603
1668 16 1122 1278
479 1947 845 1655
1259 759 677 1516
262 1345 188 1762
560 1121 575 1121
1181 1620 1292 126
403 1222 1330 639
1562 1654 602 1220
2 1777 1771 529
1234 1707 1396 967
493 1409 1789 1585
1997 1200 2003 204
205 308 232 212
285 1883 252 814
1850 882 58 717
572 359 67 136
874 491 1747 1881
844 1417 1004 1127
55 803 155 227
945 596 969 11
668 871 906 1547
1683 2034 1838 116
1755 1283 1580 910
167 1119 909 177
1279 264 348 137
726 932 1983 984
985 902 1567 1267
867 774 367 1452
543 1502 999 339
332 819 851 1919
1633 877 805 1406
2023 1642 347 1981
869 1356 63 1236
1123 1309 936 406
1144 139 1942 524
1481 990 1957 1466
1172 743 1807 1557
1149 335 1510 904
849 66 400 309
800 1385 526 1601
1420 1577 270 294
1262 590 357 72
376 141 1152 265
1355 1576 1636 1933
1163 795 1698 1066
1106 625 1458 349
716 242 361 482
100 133 1140 578
1997 1200 2003 204
527 1450 1975 1419
112 238 830 1165
37 923 1554 219
1326 365 956 956
499 798 876 733
424 1314 302 1727
848 1423 1823 343
1433 259 2019 1739
355 267 821 790
10 665 192 523
433 1552 1438 1605
1848 1836 1107 1398
985 902 1567 1267
1703 1204 587 60
1938 31 957 1841
315 1658 1014 2028
178 462 1228 562
1302 937 709 661
1687 131 1100 1736
431 1202 509 431
1903 791 1125 1125
1668 16 1122 1278
317 770 1597 68
19 159 1478 2010
1774 510 1166 132
662 1866 1806 620
1533 567 211 1198
557 1604 1239 557
1778 1443 739 1366
1499 1208 59 1520
2004 1097 1890 744
1687 131 1100 1736
2024 708 1920 389
1538 860 718 127
1412 838 1088 1901
729 18 95 1572
1039 676 1909 862
696 398 290 584
345 1951 930 1297
1538 860 718 127
1528 145 251 1426
598 1709 1514 1117
1827 1343 1766 924
392 1696 1598 1157
437 1142 1 268
102 135 1650 1176
471 738 44 1219
1959 229 1941 1238
1355 1576 1636 1933
164 1076 991 834
982 1290 1681 1804
784 1985 1678 1199
1158 1336 2012 1575
1242 780 720 483
2035 628 2020 628
610 856 1561 634
993 1788 2029 1401
1499 1208 59 1520
1293 1927 548 1322
313 1051 840 1214
1350 6 338 1430
988 20 1708 1828
961 1427 1536 1188
352 71 415 1312
1431 951 1781 673
740 291 827 1299
781 939 191 1921
32 1663 209 1497
14 1730 1980 1285
1104 1904 1926 1133
303 248 1996 1429
657 1540 966 1113
719 728 1115 958
941 514 1397 463
169 761 1956 1717
167 1119 909 177
1734 1059 161 568
1651 81 1802 1968
233 104 368 1797
696 398 290 584
1193 222 686 401
1755 1283 1580 910
15 1382 1611 519
423 260 815 1445
1265 672 1310 288
160 850 230 1779
1734 1059 161 568
485 329 1432 1379
1137 1568 1090 593
1778 1443 739 1366
945 596 969 11
37 923 1554 219
706 694 1357 852
985 902 1567 1267
410 1217 1599 69
1574 975 1135 1992
1111 952 559 1098
1000 541 546 340
556 873 1388 1954
729 18 95 1572
1064 1720 929 1218
793 1473 1156 277
56 446 296 1680
1192 1225 949 124
1181 1620 1292 126
1421 507 846 1936
97 255 1803 487
1949 215 1606 1284
1816 2025 1367 1526
1746 1323 1211 445
556 873 1388 1954
1235 1316 878 1986
1230 1240 489 263
1182 750 580 457
1674 1896 506 113
316 959 1381 565
476 1891 1006 1745
109 1860 1737 1700
1651 81 1802 1968
1932 1701 1447 76
911 954 1237 1752
585 35 1263 184
1997 1200 2003 204
1462 778 1363 185
1105 1178 549 1902
1441 386 1852 1455
1982 223 1808 1872
1266 1197 825 1960
14 1730 1980 1285
560 1121 575 575
1264 119 893 1843
315 1658 1014 2028
423 260 815 1445
1293 1927 548 1322
303 248 1996 1429
279 1565 1428 532
1633 877 805 1406
1873 497 258 94
382 663 402 885
892 872 1522 470
1412 838 1088 1901
1683 2034 1838 116
1859 1961 220 898
10 665 192 523
1998 323 1103 1998
1091 1371 1581 98
1579 1289 1490 965
1984 1269 614 1269
1250 1794 322 266
331 538 77 658
97 255 1803 487
1277 201 1324 1649
413 243 1826 865
1433 259 2019 1739
601 551 714 981
914 80 1877 766
1249 947 913 183
394 381 1003 328
1180 419 1086 1790
1334 1531 1072 682
681 239 788 671
382 663 402 885
1563 619 1358 749
963 1024 760 667
1645 180 1685 864
1618 2017 231 1618
327 1261 1821 1870
374 608 1185 443
23 1846 679 372
1796 1017 1257 1871
321 570 2027 604
1348 5 769 1094
586 1694 1129 1842
1394 1937 84 1553
432 1246 1758 1966
321 570 2027 604
1232 1295 1454 216
1334 1531 1072 682
919 1496 26 1294
317 770 1597 68
574 2014 1535 165
336 46 2040 377
1515 801 1069 797
444 1693 1867 1042
1280 1744 1521 1124
1639 1588 1939 1588
1083 1967 33 1791
696 398 290 584
327 1261 1821 1870
1886 39 1327 1184
1462 778 1363 185
844 1417 1004 1127
666 1564 409 152
452 1592 257 162
205 308 232 212
818 836 1930 528
278 1116 674 927
813 1079 1880 1162
1989 9 1692 688
824 734 680 2002
1192 1225 949 124
1856 298 407 1815
49 1410 894 597
1596 875 1049 1610
1321 1786 1732 1679
1408 1914 1627 1613
332 819 851 332
1746 1323 1211 445
1477 642 828 828
1275 1722 28 842
418 1549 45 140
2032 724 224 807
459 613 1670 425
1160 221 1608 1646
1481 990 1957 1466
2004 1097 1890 744
40 129 1884 1591
434 146 1476 1965
543 1502 999 339
1313 1110 388 953
1628 153 779 1224
1596 875 1049 1610
1929 703 1706 114
585 35 1263 184
1160 221 1608 1646
441 702 399 603
47 396 1878 1772
465 117 1918 143
1903 791 1125 1288
1242 780 720 483
1431 951 1781 673
1485 1935 43 1488
1628 153 779 1224
1300 1373 397 1054
1056 1273 755 1582
158 1532 1460 591
1063 1874 1719 1067
899 342 1393 1393
228 115 1328 641
867 774 367 1452
588 36 404 1010
431 1202 509 1202
1262 590 357 72
1795 1518 122 1767
303 248 1996 1429
344 206 552 269
527 1450 1975 527
196 240 1504 1682
1252 99 1548 64
706 694 1357 852
256 1033 1630 1630
262 1345 188 1762
1172 743 1807 1557
1437 276 1617 96
624 705 4 1007
554 1320 1976 1583
1441 386 1852 1455
1695 1482 1073 1012
652 609 65 553
1418 1973 356 1201
622 765 1946 622
1408 1914 1627 1613
97 255 1803 487
324 1656 1853 1527
384 1351 1671 979
1418 1973 356 1201
413 243 1826 865
726 932 1983 984
1984 1269 614 614
324 1656 1853 1527
432 1246 1758 1966
32 1663 209 1497
809 208 1624 643
387 1977 1716 701
1139 1207 34 245
490 93 1749 699
1138 1917 742 1760
1193 222 686 401
15 1382 1611 519
940 306 1511 306
1731 2031 1542 111
112 238 830 1165
1519 955 1362 1362
1713 1640 1461 890
498 273 683 1077
1795 1518 122 1767
1515 801 1069 797
233 104 368 1797
725 1507 511 1801
1347 1637 174 226
78 905 1742 1578
982 1290 1681 1804
449 678 1480 275
376 141 1152 265
605 1247 1498 1360
47 396 1878 1772
1064 1720 929 1218
1519 955 1362 1519
433 1552 1438 1605
1653 1675 1044 2018
387 1977 1716 701
476 1891 1006 1745
721 435 1087 1922
