2040
8
1936 1290 1312 797 1165 231 1387 1189
1899 167 208 1900 879 1701 1285 344
CAACDADBCAAACCACDBCCBDACDADCDBDBBDAADCABBCADACCBAABBBCCCAAABBADCBBDACBCABABAACABADBACDADBCDBADADDDDBDDDDDAACADADABCABCCACAACDABACBBDCCDBDCADCBDABBDCCABADCDCDCABCCACDBCBBDCABAABCBABBCAACDACCCADACACCBBABAADCDDBDBADCABCBBDDDCBDBDBCCACDACBCBBBDADBCCDBDDBDBCDDBBACBDDCABCBBBCACDDDBADDA
586 566 714 1758
1478 115 51 246
1940 1619 650 1373
1598 70 605 1206
176 95 1926 675
314 635 627 1709
559 1955 1329 1088
708 447 1090 643
2015 931 1449 10
1680 1721 295 289
722 1317 279 23
329 160 135 1543
1279 1576 751 2023
1803 880 1679 1138
38 449 1430 1251
1976 1221 1078 334
1946 271 1191 1867
1531 1801 290 19
961 556 863 2011
616 306 1688 1616
564 1245 192 1286
1555 364 30 1830
282 189 803 440
285 1019 327 1737
352 146 1636 112
1140 849 61 1018
270 1310 358 560
21 1584 202 480
407 1572 1266 1697
120 766 1197 296
3 984 1589 538
1624 1741 1597 1173
1163 622 758 1936
1130 1263 1273 141
1332 1815 767 942
1394 1101 1185 1904
1411 330 946 1570
542 1887 571 1214
1660 895 1791 342
662 1603 1393 1676
463 682 60 705
624 1886 551 75
1663 308 1008 127
1301 46 1726 1147
740 1222 1617 970
799 1330 1671 732
1493 1489 113 1084
793 1645 137 499
1004 1468 1384 1444
1127 222 64 989
1325 76 1256 951
1806 1211 1713 1291
1396 1990 98 361
611 151 359 898
1021 92 1135 1696
1644 1434 1836 1836
1608 1076 1822 761
466 1435 431 1189
760 1009 1821 937
1613 1059 1773 1184
1257 683 795 2028
460 938 1771 973
1167 1447 535 695
574 871 278 478
820 1698 1506 1178
792 1201 284 864
1487 1874 198 79
678 582 1566 1725
990 1071 768 757
310 1924 172 1509
1461 1200 1824 312
184 71 1845 1825
1682 513 1092 126
1334 2032 1651 1342
1580 230 1787 500
868 1477 523 908
1748 1486 1450 108
804 633 1355 531
1989 1024 1500 1585
808 1664 791 1408
2012 1446 307 300
391 62 1443 1983
427 377 1471 731
971 603 1988 797
804 633 1355 531
1388 1243 729 1172
184 71 1845 1825
1043 1537 748 1600
837 968 1732 968
270 1310 358 560
1099 456 401 260
1464 2035 1352 379
1555 364 30 1830
2000 469 354 916
134 1000 106 234
1033 107 1339 1114
387 1331 1678 182
736 909 495 857
593 723 72 87
1421 1947 918 1428
664 1225 672 1592
2024 557 911 1935
578 493 1677 1625
664 1225 672 1592
1102 602 607 1107
1921 995 16 657
1187 1828 2018 223
772 1234 511 193
1620 1954 1246 174
1017 277 1738 1055
489 1511 100 1193
1113 1581 496 950
606 923 1001 1299
1334 2032 1651 1342
1325 76 1256 951
1644 1434 1836 1434
1652 883 933 1091
1155 170 1053 1765
1457 1832 1761 652
1640 1324 663 47
1605 1789 1037 1210
2016 355 18 406
1996 628 1492 783
1244 1918 769 1807
439 1856 600 987
1254 739 428 928
185 1802 692 232
1553 913 1626 1754
1863 1226 1154 1496
972 475 834 1153
1834 825 1390 69
1391 203 226 378
1941 1991 22 93
1921 995 16 657
411 1911 1869 1934
206 421 1072 1648
357 1705 1378 2033
429 517 1174 1708
808 1664 791 1408
86 1406 896 1097
451 1949 1029 175
1028 848 1494 765
412 256 1016 180
400 242 651 1905
724 1365 547 547
1113 1581 496 950
1685 1483 294 1420
210 693 537 1535
1674 1239 1213 1220
1848 1171 2 1694
780 1217 1760 1381
616 306 1688 1616
1644 1434 1836 1644
1334 2032 1651 1342
477 1413 711 465
1529 981 1607 375
1843 1295 1797 1846
255 1659 298 11
1965 829 394 872
411 1911 1869 1934
1888 1432 1654 774
43 1877 867 1302
749 4 1354 1452
213 584 889 1459
792 1201 284 864
875 258 1952 1119
491 1470 149 402
347 178 1628 1280
800 948 1427 590
82 955 630 609
1079 614 1105 700
153 116 56 56
1357 1595 145 1595
914 267 1287 313
1253 1249 1348 1377
134 1000 106 234
1441 1125 350 1419
1658 155 815 1717
1460 249 1374 1560
1104 1907 1727 1145
508 503 1353 2021
1527 592 138 1915
1503 29 1010 1609
1461 1200 1824 312
713 1364 385 745
1818 759 101 104
618 690 512 690
240 119 448 1073
673 1649 1882 443
83 787 1670 1414
1563 1035 481 483
1743 1929 1997 649
1519 1562 501 372
3 984 1589 538
1507 966 247 1179
1503 29 1010 1609
1558 89 1835 515
1989 1024 1500 1585
1583 254 1630 1424
347 178 1628 1280
1176 754 1591 865
564 1245 192 1286
642 1992 920 648
1043 1537 748 1600
1288 1714 1196 1270
1022 1207 1981 156
1944 1829 1733 1209
914 267 1287 313
882 706 1488 1629
790 1634 1238 957
1902 1362 1495 1793
1917 84 828 828
947 1065 1005 1961
902 526 479 382
1442 577 1397 1165
2039 1567 200 168
1085 164 743 1052
2036 243 1810 570
620 186 1766 1318
800 948 1427 590
415 1418 1382 2020
574 871 278 478
901 998 572 994
1403 680 823 195
1040 935 142 789
642 1992 920 648
321 597 1229 373
905 1749 269 1482
1437 1131 1133 369
1474 1643 1472 853
437 473 490 2022
713 1364 385 745
1941 1991 22 93
1921 995 16 657
161 992 608 365
569 1718 218 1383
662 1603 1393 1676
2039 1567 200 168
1843 1295 1797 1846
1457 1832 1761 652
485 730 53 549
956 1565 764 1042
831 204 88 1117
31 1980 194 1126
1314 621 45 1866
1325 76 1256 951
188 1194 1839 1409
1307 1871 1611 1973
1873 325 580 409
1843 1295 1797 1846
423 214 2037 1827
1307 1871 1611 1973
581 897 949 1984
103 292 1260 1695
722 1317 279 23
1104 1907 1727 1145
720 1978 545 1923
1136 140 1309 1002
1347 1164 1953 136
459 982 1026 835
1437 1131 1133 369
1847 450 844 679
810 346 2003 445
74 114 154 1282
376 1657 964 1070
1858 1568 1066 1914
1379 211 386 869
463 682 60 705
251 422 1579 562
1036 775 1274 855
303 623 274 221
1574 802 846 1865
905 1749 269 1482
415 1418 1382 2020
1442 577 1397 1165
972 475 834 1153
1707 1121 755 1439
877 1838 809 809
282 189 803 440
793 1645 137 499
58 435 1385 58
673 1649 1882 443
1583 254 1630 1424
288 158 363 1957
925 1631 1897 1368
1569 521 1538 1623
793 1645 137 499
255 1659 298 11
1192 1293 1298 1840
961 556 863 2011
1032 1182 197 1068
578 493 1677 1625
677 637 1075 1083
1445 632 345 1896
1192 1293 1298 1840
1640 1324 663 47
930 1303 1891 413
722 1317 279 23
1289 1203 2027 54
1528 418 845 838
561 1103 1370 1841
262 943 656 1181
415 1418 1382 2020
1912 1776 1006 1426
315 1691 1740 1269
1410 1156 1423 1048
1528 418 845 838
185 1802 692 232
1456 1536 39 1582
153 116 56 153
1456 1536 39 1582
1968 773 293 858
1379 211 386 869
105 840 1267 351
805 338 747 14
1785 1790 403 383
581 897 949 1984
1398 1490 343 1069
1755 1850 227 644
177 1095 322 1453
2001 1633 530 1635
1441 1125 350 1419
1575 1920 1129 1942
1861 1510 553 1067
1372 1612 201 487
792 1201 284 864
925 1631 1897 1368
1307 1871 1611 1973
411 1911 1869 1934
1304 588 907 52
1460 249 1374 1560
559 1955 1329 1088
1848 1171 2 1694
1159 959 297 1023
1569 521 1538 1623
1077 2025 305 532
836 1951 179 331
1803 880 1679 1138
552 362 1416 552
454 492 1808 37
1363 1479 301 1013
1063 1230 1466 1530
979 873 978 1769
1186 919 1242 452
1380 1638 794 1512
1747 1392 734 716
1658 155 815 1717
1180 276 130 694
1967 893 666 1219
548 1587 121 472
1102 602 607 1107
1113 1581 496 950
882 706 1488 1629
1480 1615 1525 687
1531 1801 290 19
1163 622 758 1936
370 921 1350 1969
1036 775 1274 855
780 1217 1760 1381
999 817 741 1338
736 909 495 857
275 1706 215 1706
255 1659 298 11
120 766 1197 296
1888 1432 1654 774
1328 190 471 1361
841 408 1862 1151
1967 893 666 1219
1546 173 1881 1137
1864 576 874 899
1941 1991 22 93
506 374 1058 1982
2001 1633 530 1635
1027 102 417 904
1730 147 886 704
117 1240 1937 1195
579 940 1336 348
642 1992 920 648
1788 110 1327 1190
1319 1547 1139 1175
1079 614 1105 700
96 932 1047 2013
26 2008 1014 1712
684 1837 1476 1202
596 1931 1402 954
1902 1362 1495 1793
1527 592 138 1915
841 408 1862 1151
647 936 1469 2006
1583 254 1630 1424
460 938 1771 973
400 242 651 1905
1456 1536 39 1582
525 1294 1925 1736
1160 544 974 1333
900 638 1875 1770
550 1655 725 1425
81 416 1627 665
224 752 1208 1780
956 1565 764 1042
459 982 1026 835
1674 1239 1213 1220
26 2008 1014 1712
851 527 1316 257
1820 861 2040 426
1531 1801 290 19
339 1639 520 339
594 1233 1112 1892
1372 1612 201 487
2015 931 1449 10
2029 1767 1518 272
1104 1907 1727 1145
1956 32 718 1108
612 49 1534 1545
1038 824 887 685
2012 1446 307 300
2024 557 911 1935
2004 220 524 169
1077 2025 305 532
678 582 1566 1725
1022 1207 1981 156
423 214 2037 1827
902 526 479 382
581 897 949 1984
625 139 80 1910
1231 1622 488 528
579 940 1336 348
719 124 1484 811
453 1074 996 1485
1608 1076 1822 761
1186 919 1242 452
336 2034 419 856
1021 92 1135 1696
1497 1868 2038 980
466 1435 431 1189
1056 514 494 668
1162 728 681 1400
38 449 1430 1251
1720 1702 910 2002
673 1649 1882 443
810 346 2003 445
150 965 1752 333
259 1161 1540 1661
1289 1203 2027 54
1747 1392 734 716
1794 1734 1772 852
977 1550 1995 118
1457 1832 1761 652
542 1887 571 1214
756 464 762 1284
1253 1249 1348 1377
25 1817 1315 1672
152 892 1784 20
1411 330 946 1570
489 1511 100 1193
459 982 1026 835
1775 33 356 1899
945 1407 2014 703
782 12 1552 1647
941 1857 28 1415
165 66 326 1938
708 447 1090 643
1613 1059 1773 1184
17 1675 1212 1096
1158 94 1236 1152
1186 919 1242 452
612 49 1534 1545
1040 935 142 789
1480 1615 1525 687
336 2034 419 856
83 787 1670 1414
1605 1789 1037 1210
1162 728 681 1400
726 1306 763 231
1087 894 1340 866
1941 1991 22 93
1158 94 1236 1152
877 1838 809 502
96 932 1047 2013
564 1245 192 1286
442 1722 1313 1281
1160 544 974 1333
442 1722 1313 1281
74 114 154 1282
1396 1990 98 361
1301 46 1726 1147
1176 754 1591 865
476 371 133 233
1421 1947 918 1428
1162 728 681 1400
1674 1239 1213 1220
1411 330 946 1570
1876 698 640 1462
491 1470 149 402
1292 1710 746 337
1025 721 398 1637
546 505 1465 159
881 1916 1100 929
357 1705 1378 2033
1474 1643 1472 853
506 374 1058 1982
985 1169 212 536
510 24 1262 1351
1912 1776 1006 1426
1965 829 394 872
1027 102 417 904
1967 893 666 1219
510 24 1262 1351
1349 1134 162 1594
285 1019 327 1737
1519 1562 501 372
1880 776 474 474
1254 739 428 928
491 1470 149 402
837 968 1732 1731
1863 1226 1154 1496
453 1074 996 1485
550 1655 725 1425
1559 461 1250 1475
552 362 1416 1416
55 433 842 1783
945 1407 2014 703
541 1681 299 444
800 948 1427 590
997 903 702 854
96 932 1047 2013
720 1978 545 1923
476 371 133 233
881 1916 1100 929
6 1959 636 1343
860 1115 244 1723
315 1691 1740 1269
1438 389 1816 1473
463 682 60 705
1883 1662 1548 819
1917 84 828 1900
790 1634 1238 957
1940 1619 650 1373
1079 614 1105 700
1363 1479 301 1013
1289 1203 2027 54
129 988 906 516
1056 514 494 668
1724 2030 320 1515
533 884 1057 870
1965 829 394 872
847 1501 1604 1604
1605 1789 1037 1210
1396 1990 98 361
57 430 1831 862
1580 230 1787 500
275 1706 215 275
1781 1753 796 425
615 709 1498 1440
508 503 1353 2021
497 583 568 1703
1542 617 1395 434
593 723 72 87
225 976 788 468
1036 775 1274 855
1641 111 455 1764
423 214 2037 1827
945 1407 2014 703
1743 1929 1997 649
1927 813 1614 91
1046 1860 738 50
550 1655 725 1425
546 505 1465 159
2036 243 1810 570
831 204 88 1117
129 988 906 516
286 710 335 1367
661 187 1235 187
877 1838 809 877
1363 1479 301 1013
1610 13 1258 1878
1276 1964 1998 1345
1876 698 640 1462
1180 276 130 694
1372 1612 201 487
619 7 1745 332
558 1782 1323 99
546 505 1465 159
947 1065 1005 1961
1943 1044 1404 143
1046 1860 738 50
612 49 1534 1545
1806 1211 1713 1291
1167 1447 535 695
1321 235 1974 1711
770 1870 1060 832
429 517 1174 1708
184 71 1845 1825
390 199 674 283
264 484 1523 1041
983 367 388 1188
2001 1633 530 1635
615 709 1498 1440
1944 1829 1733 1209
1720 1702 910 2002
1601 1359 585 812
785 1504 1296 366
1224 191 1800 1228
1794 1734 1772 852
310 1924 172 1509
341 540 575 696
785 1504 1296 366
1888 1432 1654 774
391 62 1443 1983
1391 203 226 378
780 1217 1760 1381
1004 1468 1384 1444
67 1034 830 1290
504 962 1826 304
1854 1401 2009 1341
1410 1156 1423 1048
1497 1868 2038 980
1880 776 474 1880
559 1955 1329 1088
1818 759 101 104
740 1222 1617 970
691 1463 1757 1690
415 1418 1382 2020
1580 230 1787 500
808 1664 791 1408
999 817 741 1338
105 840 1267 351
1751 1621 122 1750
975 601 2019 1387
391 62 1443 1983
624 1886 551 75
1380 1638 794 1512
860 1115 244 1723
78 85 658 1045
105 840 1267 351
314 635 627 1709
890 850 1852 750
27 90 712 1632
237 40 1571 1642
806 1111 1491 1557
822 1577 1128 1618
742 786 1930 1762
977 1550 1995 118
321 597 1229 373
262 943 656 1181
67 1034 830 1290
263 441 1844 1715
742 786 1930 1762
814 1948 1859 1232
522 458 689 563
956 1565 764 1042
462 1513 8 688
760 1009 1821 937
281 1811 1454 1987
882 706 1488 1629
1847 450 844 679
1976 1221 1078 334
804 633 1355 531
336 2034 419 856
1759 384 1259 1054
618 690 512 618
205 1975 1667 1669
1493 1489 113 1084
798 1272 1599 319
2012 1446 307 300
1906 395 482 1532
1056 514 494 668
491 1470 149 402
1255 1744 1143 166
38 449 1430 1251
1748 1486 1450 108
798 1272 1599 319
259 1161 1540 1661
1583 254 1630 1424
134 1000 106 234
1559 461 1250 1475
890 850 1852 750
558 1782 1323 99
756 464 762 1284
1507 966 247 1179
1795 396 1089 1020
1613 1059 1773 1184
1039 1122 1346 1098
1908 1271 97 807
1950 219 833 1890
820 1698 1506 1178
1656 591 821 1297
708 447 1090 643
945 1407 2014 703
1880 776 474 776
73 1586 1467 1337
713 1364 385 745
790 1634 1238 957
972 475 834 1153
1883 1662 1548 819
1363 1479 301 1013
678 582 1566 1725
806 1111 1491 1557
1167 1447 535 695
504 962 1826 304
1834 825 1390 69
733 1777 1093 1223
781 1431 399 1455
1685 1483 294 1420
1613 1059 1773 1184
653 59 1011 1993
1996 628 1492 783
977 1550 1995 118
1854 1401 2009 1341
1569 521 1538 1623
1158 94 1236 1152
270 1310 358 560
596 1931 1402 954
1046 1860 738 50
508 503 1353 2021
826 1561 1728 818
1349 1134 162 1594
1624 1741 1597 1173
1244 1918 769 1807
533 884 1057 870
81 416 1627 665
282 189 803 440
184 71 1845 1825
847 1501 1604 847
57 430 1831 862
437 473 490 2022
35 1399 1458 1533
1795 396 1089 1020
1505 1080 967 1971
1396 1990 98 361
579 940 1336 348
1774 131 1360 701
1933 1 1970 1650
826 1561 1728 818
1553 913 1626 1754
1292 1710 746 337
1644 1434 1836 457
1127 222 64 989
719 124 1484 811
438 670 15 1849
888 876 784 1124
1311 125 1451 1687
213 584 889 1459
661 187 1235 915
596 1931 1402 954
836 1951 179 331
1803 880 1679 1138
498 1683 529 891
1598 70 605 1206
1502 843 2017 1798
1692 777 241 1170
1403 680 823 195
1554 735 1123 128
1684 727 1386 1885
68 697 1148 420
17 1675 1212 1096
1913 1335 5 1756
691 1463 1757 1690
664 1225 672 1592
253 424 317 1994
1792 1602 1142 1183
17 1675 1212 1096
437 473 490 2022
181 1689 715 555
1544 1739 1985 1376
1640 1324 663 47
927 1168 554 598
1913 1335 5 1756
404 1939 1141 1283
1320 1999 1809 816
1391 203 226 378
1519 1562 501 372
677 637 1075 1083
1842 1094 753 1524
917 42 631 1118
726 1306 763 231
485 730 53 549
454 492 1808 37
1514 878 629 629
993 1673 1551 148
224 752 1208 1780
329 160 135 1543
1751 1621 122 1750
65 686 958 1275
1328 190 471 1361
1311 125 1451 1687
427 377 1471 731
1040 935 142 789
1028 848 1494 765
41 268 534 1277
1344 641 1746 969
288 158 363 1957
357 1705 1378 2033
518 397 567 1895
1039 1122 1346 1098
625 139 80 1910
1224 191 1800 1228
1755 1850 227 644
1774 131 1360 701
1321 235 1974 1711
1805 280 287 48
1371 1590 207 599
673 1649 1882 443
860 1115 244 1723
1803 880 1679 1138
827 266 1366 926
387 1331 1678 182
1344 641 1746 969
985 1169 212 212
1747 1392 734 716
1244 1918 769 1807
1943 1044 1404 143
1099 456 401 260
509 717 1264 1132
477 1413 711 465
1261 1966 1086 1120
888 876 784 1124
245 1516 1796 1081
934 1116 1356 265
1813 1909 986 634
770 1870 1060 832
1237 626 360 1958
1507 966 247 1179
1950 219 833 1890
990 1071 768 757
245 1516 1796 1081
1858 1568 1066 1914
971 603 1988 797
525 1294 1925 1736
1487 1874 198 79
1043 1537 748 1600
1320 1999 1809 816
620 186 1766 1318
1087 894 1340 866
782 12 1552 1647
1460 249 1374 1560
1003 1436 1665 1003
2004 220 524 169
67 1034 830 1290
1102 602 607 1107
594 1233 1112 1892
1021 92 1135 1696
1539 1389 216 238
756 464 762 1284
2004 220 524 169
1371 1590 207 599
1247 109 991 1312
1544 1739 1985 1376
1257 683 795 2028
1502 843 2017 1798
720 1978 545 1923
1768 1893 1972 1064
1110 316 1177 1779
733 1777 1093 1223
917 42 631 1118
1077 2025 305 532
1292 1710 746 337
677 637 1075 1083
1398 1490 343 1069
31 1980 194 1126
1231 1622 488 528
1608 1076 1822 761
497 583 568 1703
288 158 363 1957
1684 727 1386 1885
1903 1646 1719 654
1663 308 1008 127
541 1681 299 444
1902 1362 1495 1793
1438 389 1816 1473
877 1838 809 1838
525 1294 1925 1736
1700 1149 669 1786
1610 13 1258 1878
1136 140 1309 1002
65 686 958 1275
985 1169 212 985
975 601 2019 1387
1742 639 1144 1928
1508 1879 1977 1879
9 1889 2010 410
653 59 1011 1993
1429 405 1578 1884
1438 389 1816 1473
1861 1510 553 1067
1685 1483 294 1420
1950 219 833 1890
65 686 958 1275
947 1065 1005 1961
1502 843 2017 1798
881 1916 1100 929
616 306 1688 1616
1906 395 482 1532
1903 1646 1719 1646
1063 1230 1466 1530
1388 1243 729 1172
619 7 1745 332
780 1217 1760 1381
1610 13 1258 1878
27 90 712 1632
286 710 335 1367
96 932 1047 2013
733 1777 1093 1223
2024 557 911 1935
251 422 1579 562
1863 1226 1154 1496
1806 1211 1713 1291
541 1681 299 444
1292 1710 746 337
393 1823 309 311
1542 617 1395 434
1167 1447 535 695
1326 1433 323 1962
1379 211 386 869
618 690 512 1960
1480 1615 1525 687
624 1886 551 75
1894 1205 1855 380
25 1817 1315 1672
742 786 1930 1762
1864 576 874 899
291 1241 1979 1901
341 540 575 696
839 646 613 167
36 1422 1699 1375
1858 1568 1066 1914
615 709 1498 1440
719 124 1484 811
9 1889 2010 410
1956 32 718 1108
1680 1721 295 289
1033 107 1339 1114
1429 405 1578 1884
376 1657 964 1070
1028 848 1494 765
263 441 1844 1715
253 424 317 1994
941 1857 28 1415
1541 2026 1549 1778
1180 276 130 694
21 1584 202 480
927 1168 554 598
1847 450 844 679
1861 1510 553 1067
781 1431 399 1455
1304 588 907 52
1305 1481 1417 660
1321 235 1974 1711
619 7 1745 332
1025 721 398 1637
868 1477 523 908
414 587 1735 467
264 484 1523 1041
983 367 388 1188
391 62 1443 1983
181 1689 715 555
41 268 534 1277
820 1698 1506 1178
930 1303 1891 413
847 1501 1604 208
497 583 568 1703
1912 1776 1006 1426
262 943 656 1181
117 1240 1937 1195
1848 1171 2 1694
188 1194 1839 1409
1686 539 171 381
1003 1436 1665 1436
822 1577 1128 1618
438 670 15 1849
1224 191 1800 1228
1087 894 1340 866
941 1857 28 1415
1724 2030 320 1515
1601 1359 585 812
1040 935 142 789
1155 170 1053 1765
1700 1149 669 1786
1700 1149 669 1786
217 1150 1521 2005
1730 147 886 704
782 12 1552 1647
841 408 1862 1151
1940 1619 650 1373
1917 84 828 1917
78 85 658 1045
1720 1702 910 2002
1863 1226 1154 1496
574 871 278 478
1913 1335 5 1756
1620 1954 1246 174
1888 1432 1654 774
210 693 537 1535
286 710 335 1367
1976 1221 1078 334
152 892 1784 20
733 1777 1093 1223
286 710 335 1367
888 876 784 1124
1921 995 16 657
341 540 575 696
86 1406 896 1097
839 646 613 839
302 645 963 2007
1305 1481 1417 660
1405 1526 34 1668
659 1932 470 432
185 1802 692 232
253 424 317 1994
407 1572 1266 1697
760 1009 1821 937
291 1241 1979 1901
561 1103 1370 1841
1140 849 61 1018
1514 878 629 878
1104 1907 1727 1145
1707 1121 755 1439
1257 683 795 2028
925 1631 1897 1368
900 638 1875 1770
1464 2035 1352 379
1529 981 1607 375
930 1303 1891 413
1606 543 436 667
81 416 1627 665
782 12 1552 1647
2024 557 911 1935
1544 1739 1985 1376
1253 1249 1348 1377
661 187 1235 1235
1514 878 629 1514
1558 89 1835 515
1187 1828 2018 223
1487 1874 198 79
442 1722 1313 1281
917 42 631 1118
250 157 239 1556
1950 219 833 1890
610 1248 771 132
1028 848 1494 765
74 114 154 1282
181 1689 715 555
498 1683 529 891
412 256 1016 180
804 633 1355 531
1127 222 64 989
1033 107 1339 1114
1986 2031 1049 952
414 587 1735 467
1301 46 1726 1147
1748 1486 1450 108
213 584 889 1459
82 955 630 609
684 1837 1476 1202
1707 1121 755 1439
491 1470 149 402
1438 389 1816 1473
1027 102 417 904
1872 144 1062 392
1320 1999 1809 816
1398 1490 343 1069
400 242 651 1905
349 507 1218 368
939 1265 1564 1166
1305 1481 1417 660
1851 1204 1007 1412
1781 1753 796 425
1558 89 1835 515
979 873 978 1769
117 1240 1937 1195
1913 1335 5 1756
1022 1207 1981 156
1457 1832 1761 652
152 892 1784 20
890 850 1852 750
1792 1602 1142 1183
315 1691 1740 1269
1159 959 297 1023
504 962 1826 304
1686 539 171 381
1314 621 45 1866
882 706 1488 1629
890 850 1852 750
606 923 1001 1299
213 584 889 1459
1833 1106 1012 922
1903 1646 1719 1903
225 976 788 468
900 638 1875 1770
977 1550 1995 118
1429 405 1578 1884
1254 739 428 928
1933 1 1970 1650
1554 735 1123 128
1441 1125 350 1419
1946 271 1191 1867
1388 1243 729 1172
610 1248 771 132
459 982 1026 835
9 1889 2010 410
1082 209 353 655
785 1504 1296 366
1641 111 455 1764
1653 885 944 324
504 962 1826 304
291 1241 1979 1901
785 1504 1296 366
1624 1741 1597 1173
905 1749 269 1482
1785 1790 403 383
827 266 1366 926
390 199 674 283
1025 721 398 1637
1187 1828 2018 223
31 1980 194 1126
376 1657 964 1070
1043 1537 748 1600
624 1886 551 75
1136 140 1309 1002
1833 1106 1012 922
68 697 1148 420
610 1248 771 132
1553 913 1626 1754
65 686 958 1275
548 1587 121 472
3 984 1589 538
574 871 278 478
1237 626 360 1958
1051 671 77 1666
451 1949 1029 175
1546 173 1881 1137
1349 1134 162 1594
1546 173 1881 1137
43 1877 867 1302
1464 2035 1352 379
86 1406 896 1097
1357 1595 145 1573
1508 1879 1977 1945
236 1819 1216 1517
1257 683 795 2028
851 527 1316 257
801 1693 1322 1215
875 258 1952 1119
237 40 1571 1642
1653 885 944 324
749 4 1354 1452
799 1330 1671 732
678 582 1566 1725
1255 1744 1143 166
1085 164 743 1052
594 1233 1112 1892
2000 469 354 916
1087 894 1340 866
486 1050 1499 44
82 955 630 609
1986 2031 1049 952
1996 628 1492 783
2000 469 354 916
930 1303 1891 413
1724 2030 320 1515
1347 1164 1953 136
1795 396 1089 1020
691 1463 1757 1690
206 421 1072 1648
1276 1964 1998 1345
1541 2026 1549 1778
1883 1662 1548 819
615 709 1498 1440
1917 84 828 84
485 730 53 549
1478 115 51 246
1505 1080 967 1971
1146 1278 1268 163
453 1074 996 1485
236 1819 1216 1517
1684 727 1386 1885
1785 1790 403 383
1813 1909 986 634
188 1194 1839 1409
972 475 834 1153
1847 450 844 679
1558 89 1835 515
801 1693 1322 1215
1872 144 1062 392
1082 209 353 655
25 1817 1315 1672
901 998 572 994
841 408 1862 1151
1186 919 1242 452
1017 277 1738 1055
303 623 274 221
1252 1596 604 446
1421 1947 918 1428
240 119 448 1073
1652 883 933 1091
699 589 912 63
1640 1324 663 47
1996 628 1492 783
1927 813 1614 91
1968 773 293 858
288 158 363 1957
1908 1271 97 807
611 151 359 898
659 1932 470 432
1319 1547 1139 1175
310 1924 172 1509
1529 981 1607 375
1403 680 823 195
183 1919 1227 196
250 157 239 1556
859 1061 1308 318
1946 271 1191 1867
1109 1358 228 273
129 988 906 516
1805 280 287 48
569 1718 218 1383
993 1673 1551 148
1967 893 666 1219
1906 395 482 1532
1109 1358 228 273
1159 959 297 1023
438 670 15 1849
1933 1 1970 1650
1563 1035 481 483
798 1272 1599 319
486 1050 1499 44
1503 29 1010 1609
1563 1035 481 483
2001 1633 530 1635
349 507 1218 368
476 371 133 233
509 717 1264 1132
390 199 674 283
1519 1562 501 372
618 690 512 512
2000 469 354 916
999 817 741 1338
41 268 534 1277
1109 1358 228 273
1652 883 933 1091
1032 1182 197 1068
25 1817 1315 1672
1505 1080 967 1971
404 1939 1141 1283
1743 1929 1997 649
914 267 1287 313
1620 1954 1246 174
1391 203 226 378
1812 595 1814 953
165 66 326 1938
542 1887 571 1214
1794 1734 1772 852
1812 595 1814 953
719 124 1484 811
875 258 1952 1119
868 1477 523 908
1039 1122 1346 1098
1279 1576 751 2023
684 1837 1476 1202
578 493 1677 1625
1833 1106 1012 922
285 1019 327 1737
451 1949 1029 175
1349 1134 162 1594
1541 2026 1549 1778
339 1639 520 520
1102 602 607 1107
749 4 1354 1452
805 338 747 14
699 589 912 63
387 1331 1678 182
1755 1850 227 644
451 1949 1029 175
917 42 631 1118
820 1698 1506 1178
252 1804 248 328
463 682 60 705
749 4 1354 1452
1692 777 241 1170
1658 155 815 1717
150 965 1752 333
1334 2032 1651 1342
851 527 1316 257
17 1675 1212 1096
1104 1907 1727 1145
1743 1929 1997 649
1379 211 386 869
699 589 912 63
611 151 359 898
1487 1874 198 79
859 1061 1308 318
836 1951 179 331
1252 1596 604 446
997 903 702 854
340 1522 778 1704
1328 190 471 1361
770 1870 1060 832
1252 1596 604 446
341 540 575 696
552 362 1416 1448
799 1330 1671 732
1663 308 1008 127
1956 32 718 1108
1806 1211 1713 1291
1759 384 1259 1054
437 473 490 2022
1742 639 1144 1928
1398 1490 343 1069
86 1406 896 1097
1036 775 1274 855
439 1856 600 987
1620 1954 1246 174
150 965 1752 333
740 1222 1617 970
352 146 1636 112
720 1978 545 1923
282 189 803 440
1818 759 101 104
236 1819 1216 1517
1261 1966 1086 1120
161 992 608 365
1805 280 287 48
593 723 72 87
1493 1489 113 1084
868 1477 523 908
1575 1920 1129 1942
1017 277 1738 1055
83 787 1670 1414
225 976 788 468
1774 131 1360 701
1527 592 138 1915
927 1168 554 598
1724 2030 320 1515
1922 573 1030 744
176 95 1926 675
1180 276 130 694
1682 513 1092 126
888 876 784 1124
1187 1828 2018 223
1903 1646 1719 1719
1716 1729 1799 1963
1922 573 1030 744
314 635 627 1709
822 1577 1128 1618
252 1804 248 328
610 1248 771 132
206 421 1072 1648
1812 595 1814 953
43 1877 867 1302
1864 576 874 899
285 1019 327 1737
1788 110 1327 1190
510 24 1262 1351
1598 70 605 1206
860 1115 244 1723
376 1657 964 1070
724 1365 547 724
905 1749 269 1482
1943 1044 1404 143
1834 825 1390 69
83 787 1670 1414
676 1369 1763 519
561 1103 1370 1841
596 1931 1402 954
847 1501 1604 1501
1858 1568 1066 1914
1569 521 1538 1623
36 1422 1699 1375
1559 461 1250 1475
1641 111 455 1764
1944 1829 1733 1209
1176 754 1591 865
522 458 689 563
1873 325 580 409
1394 1101 1185 1904
1157 707 123 1198
1812 595 1814 953
370 921 1350 1969
1902 1362 1495 1793
518 397 567 1895
993 1673 1551 148
1038 824 887 685
2036 243 1810 570
302 645 963 2007
466 1435 431 1189
35 1399 1458 1533
1601 1359 585 812
1505 1080 967 1971
2039 1567 200 168
990 1071 768 757
642 1992 920 648
826 1561 1728 818
205 1975 1667 1669
1082 209 353 655
1497 1868 2038 980
736 909 495 857
1276 1964 1998 1345
979 873 978 1769
1332 1815 767 942
1795 396 1089 1020
1716 1729 1799 1963
983 367 388 1188
1507 966 247 1179
412 256 1016 180
1130 1263 1273 141
1388 1243 729 1172
781 1431 399 1455
1344 641 1746 969
240 119 448 1073
1986 2031 1049 952
1304 588 907 52
659 1932 470 432
1158 94 1236 1152
427 377 1471 731
21 1584 202 480
275 1706 215 215
1759 384 1259 1054
1038 824 887 685
548 1587 121 472
1445 632 345 1896
1894 1205 1855 380
1394 1101 1185 1904
1986 2031 1049 952
103 292 1260 1695
57 430 1831 862
1405 1526 34 1668
1321 235 1974 1711
1894 1205 1855 380
1820 861 2040 426
542 1887 571 1214
224 752 1208 1780
1842 1094 753 1524
1575 1920 1129 1942
1775 33 356 33
1186 919 1242 452
839 646 613 646
1546 173 1881 1137
647 936 1469 2006
68 697 1148 420
1854 1401 2009 1341
548 1587 121 472
1276 1964 1998 1345
460 938 1771 973
302 645 963 2007
1380 1638 794 1512
1528 418 845 838
1883 1662 1548 819
275 1706 215 879
1680 1721 295 289
772 1234 511 193
439 1856 600 987
1598 70 605 1206
1441 1125 350 1419
58 435 1385 1385
224 752 1208 1780
1660 895 1791 342
462 1513 8 688
1332 1815 767 942
947 1065 1005 1961
1873 325 580 409
1968 773 293 858
806 1111 1491 1557
73 1586 1467 1337
1788 110 1327 1190
1965 829 394 872
349 507 1218 368
1682 513 1092 126
302 645 963 2007
263 441 1844 1715
1674 1239 1213 1220
579 940 1336 348
1110 316 1177 1779
647 936 1469 2006
1110 316 1177 1779
165 66 326 1938
1908 1271 97 807
541 1681 299 444
1325 76 1256 951
561 1103 1370 1841
1656 591 821 1297
1759 384 1259 1054
251 422 1579 562
1445 632 345 1896
1244 1918 769 1807
152 892 1784 20
772 1234 511 193
1989 1024 1500 1585
653 59 1011 1993
606 923 1001 1299
979 873 978 1769
827 266 1366 926
1751 1621 122 1750
606 923 1001 1299
1544 1739 1985 1376
676 1369 1763 519
486 1050 1499 44
217 1150 1521 2005
1854 1401 2009 1341
1301 46 1726 1147
1606 543 436 667
1247 109 991 1312
1539 1389 216 238
407 1572 1266 1697
1328 190 471 1361
1686 539 171 381
1813 1909 986 634
188 1194 1839 1409
1031 1015 779 1031
153 116 56 737
1781 1753 796 425
1421 1947 918 1428
518 397 567 1895
708 447 1090 643
975 601 2019 1387
177 1095 322 1453
1314 621 45 1866
569 1718 218 1383
1574 802 846 1865
506 374 1058 1982
1927 813 1614 91
1085 164 743 1052
454 492 1808 37
74 114 154 1282
1554 735 1123 128
1656 591 821 1297
1130 1263 1273 141
429 517 1174 1708
2004 220 524 169
1730 147 886 704
349 507 1218 368
961 556 863 2011
1160 544 974 1333
1332 1815 767 942
1004 1468 1384 1444
790 1634 1238 957
1660 895 1791 342
498 1683 529 891
55 433 842 1783
2039 1567 200 168
1347 1164 1953 136
1199 565 1588 1520
1497 1868 2038 980
411 1911 1869 1934
1157 707 123 1198
1004 1468 1384 1444
1357 1595 145 1357
236 1819 1216 1517
934 1116 1356 265
1199 565 1588 1520
1155 170 1053 1765
210 693 537 1535
329 160 135 1543
1326 1433 323 1962
1553 913 1626 1754
120 766 1197 296
1843 1295 1797 1846
827 266 1366 926
837 968 1732 837
165 66 326 1938
1873 325 580 409
245 1516 1796 1081
506 374 1058 1982
442 1722 1313 1281
1541 2026 1549 1778
181 1689 715 555
558 1782 1323 99
347 178 1628 1280
1851 1204 1007 1412
55 433 842 1783
1304 588 907 52
662 1603 1393 1676
339 1639 520 1639
724 1365 547 960
1371 1590 207 599
1051 671 77 1666
1692 777 241 1170
1237 626 360 1958
1820 861 2040 426
423 214 2037 1827
1474 1643 1472 853
1025 721 398 1637
1660 895 1791 342
103 292 1260 1695
564 1245 192 1286
1606 543 436 667
1682 513 1092 126
1605 1789 1037 1210
1927 813 1614 91
1940 1619 650 1373
1944 1829 1733 1209
1684 727 1386 1885
798 1272 1599 319
1437 1131 1133 369
43 1877 867 1302
724 1365 547 1365
1794 1734 1772 852
1146 1278 1268 163
310 1924 172 1509
1755 1850 227 644
498 1683 529 891
1943 1044 1404 143
801 1693 1322 1215
205 1975 1667 1669
1247 109 991 1312
250 157 239 1556
1056 514 494 668
1730 147 886 704
1792 1602 1142 1183
407 1572 1266 1697
1279 1576 751 2023
1742 639 1144 1928
1176 754 1591 865
1872 144 1062 392
1099 456 401 260
1656 591 821 1297
1410 1156 1423 1048
438 670 15 1849
1237 626 360 1958
522 458 689 563
914 267 1287 313
2016 355 18 406
476 371 133 233
55 433 842 1783
1146 1278 1268 163
1876 698 640 1462
1326 1433 323 1962
2012 1446 307 300
1658 155 815 1717
653 59 1011 1993
103 292 1260 1695
36 1422 1699 1375
270 1310 358 560
6 1959 636 1343
41 268 534 1277
6 1959 636 1343
1113 1581 496 950
81 416 1627 665
518 397 567 1895
552 362 1416 362
1493 1489 113 1084
489 1511 100 1193
662 1603 1393 1676
1110 316 1177 1779
1775 33 356 1775
357 1705 1378 2033
281 1811 1454 1811
329 160 135 1543
1022 1207 1981 156
259 1161 1540 1661
586 566 714 1758
1922 573 1030 744
1429 405 1578 1884
1861 1510 553 1067
1842 1094 753 1524
57 430 1831 862
770 1870 1060 832
117 1240 1937 1195
477 1413 711 465
722 1317 279 23
1063 1230 1466 1530
1347 1164 1953 136
934 1116 1356 265
185 1802 692 232
1344 641 1746 969
839 646 613 613
1748 1486 1450 108
1288 1714 1196 1270
1130 1263 1273 141
1288 1714 1196 1270
427 377 1471 731
1774 131 1360 701
352 146 1636 112
210 693 537 1535
1109 1358 228 273
1946 271 1191 1867
205 1975 1667 1669
1876 698 640 1462
1527 592 138 1915
1508 1879 1977 1977
1192 1293 1298 1840
1289 1203 2027 54
1254 739 428 928
881 1916 1100 929
35 1399 1458 1533
1445 632 345 1896
1079 614 1105 700
439 1856 600 987
1410 1156 1423 1048
508 503 1353 2021
73 1586 1467 1337
805 338 747 14
485 730 53 549
1805 280 287 48
1478 115 51 246
578 493 1677 1625
1464 2035 1352 379
339 1639 520 1300
1813 1909 986 634
1394 1101 1185 1904
1255 1744 1143 166
900 638 1875 1770
393 1823 309 311
546 505 1465 159
454 492 1808 37
370 921 1350 1969
1442 577 1397 1165
68 697 1148 420
453 1074 996 1485
105 840 1267 351
836 1951 179 331
161 992 608 365
1140 849 61 1018
859 1061 1308 318
699 589 912 63
810 346 2003 445
261 229 1853 1593
477 1413 711 465
2036 243 1810 570
281 1811 1454 1454
393 1823 309 311
1192 1293 1298 1840
150 965 1752 333
31 1980 194 1126
177 1095 322 1453
558 1782 1323 99
799 1330 1671 732
1653 885 944 324
245 1516 1796 1081
261 229 1853 1593
1685 1483 294 1420
1003 1436 1665 924
1003 1436 1665 1665
183 1919 1227 196
1768 1893 1972 1064
612 49 1534 1545
997 903 702 854
925 1631 1897 1368
1707 1121 755 1439
1157 707 123 1198
805 338 747 14
1146 1278 1268 163
237 40 1571 1642
814 1948 1859 1232
875 258 1952 1119
559 1955 1329 1088
822 1577 1128 1618
826 1561 1728 818
772 1234 511 193
251 422 1579 562
2016 355 18 406
2016 355 18 406
1848 1171 2 1694
625 139 80 1910
1326 1433 323 1962
321 597 1229 373
176 95 1926 675
73 1586 1467 1337
1046 1860 738 50
684 1837 1476 1202
993 1673 1551 148
462 1513 8 688
1311 125 1451 1687
1559 461 1250 1475
489 1511 100 1193
82 955 630 609
1818 759 101 104
1574 802 846 1865
939 1265 1564 1166
1700 1149 669 1786
27 90 712 1632
941 1857 28 1415
1768 1893 1972 1064
1872 144 1062 392
1834 825 1390 69
1163 622 758 1936
1405 1526 34 1668
1933 1 1970 1650
1199 565 1588 1520
1785 1790 403 383
1403 680 823 195
625 139 80 1910
593 723 72 87
1021 92 1135 1696
616 306 1688 1616
26 2008 1014 1712
1255 1744 1143 166
1474 1643 1472 853
1017 277 1738 1055
250 157 239 1556
26 2008 1014 1712
1063 1230 1466 1530
801 1693 1322 1215
676 1369 1763 519
1768 1893 1972 1064
900 638 1875 1770
1314 621 45 1866
340 1522 778 1704
1539 1389 216 238
261 229 1853 1593
1563 1035 481 483
961 556 863 2011
713 1364 385 745
1508 1879 1977 1508
1307 1871 1611 1973
793 1645 137 499
859 1061 1308 318
404 1939 1141 1283
1411 330 946 1570
1261 1966 1086 1120
831 204 88 1117
58 435 1385 435
264 484 1523 1041
78 85 658 1045
264 484 1523 1041
927 1168 554 598
647 936 1469 2006
352 146 1636 112
664 1225 672 1592
569 1718 218 1383
1231 1622 488 528
253 424 317 1994
1792 1602 1142 1183
1456 1536 39 1582
1968 773 293 858
1461 1200 1824 312
1912 1776 1006 1426
902 526 479 382
901 998 572 994
183 1919 1227 196
120 766 1197 296
1608 1076 1822 761
462 1513 8 688
291 1241 1979 1901
990 1071 768 757
837 968 1732 1732
1775 33 356 356
1908 1271 97 807
985 1169 212 1169
240 119 448 1073
1252 1596 604 446
1641 111 455 1764
1554 735 1123 128
340 1522 778 1704
810 346 2003 445
1461 1200 1824 312
340 1522 778 1704
756 464 762 1284
1478 115 51 246
38 449 1430 1251
321 597 1229 373
659 1932 470 432
1502 843 2017 1798
1437 1131 1133 369
1716 1729 1799 1963
1319 1547 1139 1175
1720 1702 910 2002
21 1584 202 480
1851 1204 1007 1412
509 717 1264 1132
1127 222 64 989
1781 1753 796 425
594 1233 1112 1892
486 1050 1499 44
1610 13 1258 1878
1371 1590 207 599
740 1222 1617 970
303 623 274 221
217 1150 1521 2005
2029 1767 1518 272
1320 1999 1809 816
1742 639 1144 1928
400 242 651 1905
1372 1612 201 487
1989 1024 1500 1585
27 90 712 1632
806 1111 1491 1557
1663 308 1008 127
1279 1576 751 2023
1031 1015 779 1015
726 1306 763 231
1357 1595 145 145
259 1161 1540 1661
934 1116 1356 265
1820 861 2040 426
35 1399 1458 1533
1580 230 1787 500
129 988 906 516
1842 1094 753 1524
2015 931 1449 10
620 186 1766 1318
1956 32 718 1108
390 199 674 283
939 1265 1564 1166
1319 1547 1139 1175
550 1655 725 1425
1380 1638 794 1512
36 1422 1699 1375
1514 878 629 1285
1254 739 428 928
1563 1035 481 483
1032 1182 197 1068
676 1369 1763 519
281 1811 1454 281
1082 209 353 655
956 1565 764 1042
1160 544 974 1333
1653 885 944 324
387 1331 1678 182
78 85 658 1045
808 1664 791 1408
2029 1767 1518 272
1405 1526 34 1668
176 95 1926 675
1851 1204 1007 1412
429 517 1174 1708
9 1889 2010 410
971 603 1988 797
404 1939 1141 1283
1503 29 1010 1609
1051 671 77 1666
1976 1221 1078 334
661 187 1235 661
533 884 1057 870
153 116 56 116
997 903 702 854
134 1000 106 234
1099 456 401 260
237 40 1571 1642
814 1948 1859 1232
1311 125 1451 1687
983 367 388 1188
336 2034 419 856
586 566 714 1758
2029 1767 1518 272
1542 617 1395 434
691 1463 1757 1690
1652 883 933 1091
792 1201 284 864
851 527 1316 257
522 458 689 563
1555 364 30 1830
1051 671 77 1666
412 256 1016 180
183 1919 1227 196
1031 1015 779 1898
303 623 274 221
1894 1205 1855 380
509 717 1264 1132
1253 1249 1348 1377
620 186 1766 1318
1460 249 1374 1560
1136 140 1309 1002
206 421 1072 1648
914 267 1287 313
225 976 788 468
1624 1741 1597 1173
255 1659 298 11
999 817 741 1338
314 635 627 1709
1880 776 474 1701
1305 1481 1417 660
1575 1920 1129 1942
261 229 1853 1593
252 1804 248 328
525 1294 1925 1736
1833 1106 1012 922
1906 395 482 1532
677 637 1075 1083
1864 576 874 899
586 566 714 1758
1686 539 171 381
939 1265 1564 1166
1742 639 1144 1928
161 992 608 365
1288 1714 1196 1270
1159 959 297 1023
1031 1015 779 779
533 884 1057 870
1032 1182 197 1068
3 984 1589 538
1529 981 1607 375
1027 102 417 904
460 938 1771 973
619 7 1745 332
1157 707 123 1198
414 587 1735 467
58 435 1385 344
1224 191 1800 1228
1606 543 436 667
736 909 495 857
1555 364 30 1830
742 786 1930 1762
760 1009 1821 937
581 897 949 1984
1155 170 1053 1765
1751 1621 122 1750
814 1948 1859 1232
252 1804 248 328
1261 1966 1086 1120
1480 1615 1525 687
6 1959 636 1343
393 1823 309 311
1747 1392 734 716
800 948 1427 590
1085 164 743 1052
263 441 1844 1715
262 943 656 1181
1140 849 61 1018
1716 1729 1799 1963
2015 931 1449 10
497 583 568 1703
1528 418 845 838
1033 107 1339 1114
781 1431 399 1455
1680 1721 295 289
1531 1801 290 19
1539 1389 216 238
901 998 572 994
1601 1359 585 812
1038 824 887 685
510 24 1262 1351
1162 728 681 1400
1692 777 241 1170
1542 617 1395 434
315 1691 1740 1269
1199 565 1588 1520
611 151 359 898
1039 1122 1346 1098
1574 802 846 1865
177 1095 322 1453
414 587 1735 467
1922 573 1030 744
370 921 1350 1969
1077 2025 305 532
1788 110 1327 1190
831 204 88 1117
902 526 479 382
217 1150 1521 2005
347 178 1628 1280
1231 1622 488 528
