1724
7
143 86 713 355 1696 1131 523
569 607 214 1518 456 651 1238
DAAADCBDBCBAABDCCDBBBBBCACABBBBBABAACADDDCDDDDACBDDCCADDCAACADACADDCCAAACCBADBCBCBABCAAADBCBBACCCBBDBDBAAADDCCDBCDDABBDDCCCDAACCBCCCDCBDCDBCBAAAAAABDCAABBBDBACCADCBBCCCBDBBCACCADADDAACABCBBBDDCBDABDDACDAAADCCDCCBBBAADABBDDCDCDBBBCCCABCCDBDACBABBADCADACBADCCDDACDDDCBAAABBADADDBCDABBD
599 974 1369 682
1292 695 876 596
198 303 432 634
786 227 1085 1011
1702 1095 1182 1703
277 1367 477 413
1165 1408 729 571
280 64 1397 1579
982 405 1466 1659
641 488 22 315
1435 108 146 1401
1053 218 267 744
751 701 1295 808
1561 1633 75 597
238 147 415 1624
631 1341 99 952
1519 1230 518 396
382 196 186 1299
247 1451 322 174
1224 1631 254 898
1140 1267 239 404
1690 1418 474 56
660 383 455 1009
784 940 1057 1168
362 339 411 1197
1331 1359 235 95
617 832 1603 791
314 944 1029 1020
941 265 1384 289
1656 1668 373 779
879 1102 880 925
741 1648 1245 1648
1582 1620 1319 1146
776 1060 1290 1013
562 1399 1304 619
1353 908 1398 575
671 1554 915 130
1381 1709 935 746
1114 258 1584 1076
1353 908 1398 575
187 1068 201 885
273 246 608 69
323 697 1093 1465
1188 507 257 1002
83 1643 1628 513
572 1209 1031 677
1260 1524 1177 1671
963 291 1128 949
1566 1515 1607 1410
1224 1631 254 898
1164 1379 293 1115
988 347 342 101
256 675 1581 256
923 1602 414 1167
264 1125 657 642
821 1377 1067 505
648 601 292 1496
1223 1389 816 812
892 1560 976 25
359 380 1204 1571
1228 1081 1526 512
1119 584 536 54
93 1122 842 90
1501 1629 626 1645
473 813 270 63
910 1477 213 1477
969 1714 1636 1545
1641 159 466 1235
774 750 870 968
955 1264 453 1551
831 1049 929 1394
882 1422 229 1156
645 532 493 82
1225 771 8 1001
568 1302 1089 766
225 1504 412 1562
53 890 169 587
1100 1030 1657 312
511 975 1323 429
1440 800 931 1255
545 1005 1091 286
1107 1692 717 1144
1092 897 439 203
656 32 1680 1248
364 1050 119 1417
51 907 428 1691
382 196 186 1299
1661 1335 1572 1661
23 381 594 1289
1116 529 554 918
1311 79 164 534
684 1593 1380 290
1116 529 554 918
1463 234 409 987
128 1372 614 433
345 1272 139 1078
930 1594 700 438
879 1102 880 925
1530 495 636 1392
963 291 1128 949
1529 526 1669 489
170 276 1215 355
323 697 1093 697
168 670 3 418
1019 244 445 772
676 305 1003 788
1585 681 1421 1162
690 1449 1017 1252
1336 298 997 1467
1599 223 1043 1685
786 227 1085 1011
1300 1688 555 669
1542 1721 13 468
646 1151 948 325
261 420 661 1346
1724 510 80 1250
1134 514 579 811
1133 221 864 133
1205 867 451 699
1147 1615 248 1037
856 863 922 368
887 629 1351 1332
1609 1239 222 1024
321 157 964 563
508 1169 901 1083
1439 219 755 251
110 1157 160 627
233 1520 862 233
220 173 272 628
392 1646 161 1708
84 905 306 1127
344 1640 39 1329
1678 819 217 834
1113 654 1484 920
684 1593 1380 290
334 1145 1694 1286
1147 1615 248 1037
721 1494 403 1619
781 1322 358 462
238 147 415 1624
882 1422 229 1156
891 416 1590 1651
1021 715 504 754
1155 1429 664 122
1176 804 1525 1051
690 1449 1017 1252
1340 581 1658 938
1519 1230 518 396
703 1716 288 268
1430 1284 823 1042
1134 514 579 811
1062 708 807 1087
1021 715 504 754
1687 307 1436 10
1069 1426 1315 748
496 799 422 733
616 1152 959 470
341 497 1066 124
123 739 471 909
1599 223 1043 1685
524 167 397 1556
612 357 1348 1627
951 224 595 559
511 975 1323 429
1195 995 351 28
655 252 705 7
541 893 827 1644
198 303 432 634
256 675 1581 1581
1568 1143 516 1129
1385 521 1334 115
105 553 408 1695
58 1701 1387 1693
1559 725 1181 131
352 1622 1352 979
1553 98 858 31
184 674 55 1388
1355 356 994 371
486 1625 1638 1699
1720 313 465 94
1200 1637 519 1506
756 1514 127 638
170 276 1215 355
264 1125 657 642
930 1594 700 438
598 1212 576 1411
724 849 712 24
764 21 802 232
551 120 980 137
1254 868 1056 1723
1641 159 466 1235
212 2 1118 1681
1532 613 1674 1499
891 416 1590 1651
1480 1191 1211 567
598 1212 576 1411
1242 1382 603 1550
1470 852 927 436
793 1297 460 335
528 981 1035 281
724 849 712 24
1432 1541 895 1170
1309 884 1258 810
1617 89 1229 1639
132 1052 1450 666
1224 1631 254 898
1435 108 146 1401
1667 1023 1269 1184
631 1341 99 952
491 1281 1358 943
132 1052 1450 666
1292 695 876 596
144 558 1071 1131
1430 1284 823 1042
764 21 802 232
364 1050 119 1417
1136 1012 853 109
255 1320 242 1101
88 1328 378 1328
58 1701 1387 1693
1678 819 217 834
960 877 945 704
1276 1232 1190 685
1362 1409 193 1370
639 1206 1516 871
237 635 1273 78
1479 172 295 578
1347 34 330 1094
11 207 678 426
323 697 1093 1093
486 1625 1638 1699
1140 1267 239 404
977 647 1039 977
973 1587 539 1573
128 1372 614 433
752 121 1368 1497
1100 1030 1657 312
1340 581 1658 938
1482 1682 942 241
1702 1095 1182 1703
1489 1098 1610 738
659 29 1719 387
707 1220 1126 260
1179 479 1652 327
988 347 342 101
774 750 870 968
1559 725 1181 131
1198 1226 743 296
528 981 1035 281
225 1504 412 1562
88 1328 378 610
1165 1408 729 571
1134 514 579 811
353 308 1233 1294
659 29 1719 387
317 649 156 713
589 769 1150 1141
604 1583 4 111
1488 1718 149 1672
662 1447 1538 1469
693 106 726 822
57 961 1618 1531
694 1655 178 1251
62 716 1022 343
192 727 1187 894
478 410 723 1154
255 1320 242 1101
1072 365 934 1650
585 421 1481 600
93 1122 842 90
1186 797 1546 1142
58 1701 1387 1693
774 750 870 968
1040 1054 250 76
1195 995 351 28
1568 1143 516 1129
332 463 1539 399
721 1494 403 1619
1228 1081 1526 512
1501 1629 626 1645
1376 886 1464 1196
331 1460 732 1442
282 1492 731 958
1390 442 475 593
1432 1541 895 1170
1244 917 1354 310
982 405 1466 1659
1072 365 934 1650
192 727 1187 894
425 1159 537 1505
19 1563 1099 480
1357 1534 1148 957
854 560 1437 1356
752 121 1368 1497
105 553 408 1695
1202 1214 1647 1592
1614 872 783 129
1365 753 1088 888
1288 191 1018 68
652 401 279 61
653 37 1710 730
393 1317 1419 809
1470 852 927 436
926 782 1490 1427
12 679 883 1059
656 32 1680 1248
641 488 22 315
878 275 1549 165
1558 820 135 92
44 1306 1722 424
759 503 1634 163
231 1282 179 1032
1463 234 409 987
1124 502 971 1293
1690 1418 474 56
199 637 1247 1670
496 799 422 733
1225 771 8 1001
932 1512 570 1512
1288 191 1018 68
616 1152 959 470
1559 725 1181 131
1010 1444 1453 1010
444 861 1308 523
1662 765 1079 1110
517 452 430 688
1241 916 1266 30
1300 1688 555 669
202 285 1704 1361
776 1060 1290 1013
435 483 1511 702
557 116 845 1632
49 1509 577 349
467 1137 1237 1403
1106 1090 624 259
926 782 1490 1427
517 452 430 688
1679 1366 663 1696
1192 316 668 1217
1149 100 48 417
321 157 964 563
1529 526 1669 489
1119 584 536 54
1114 258 1584 1076
781 1322 358 462
1455 538 1443 134
1529 526 1669 489
617 832 1603 791
1566 1515 1607 1410
324 1342 1663 1342
314 944 1029 1020
1360 1684 1395 1364
878 275 1549 165
588 1213 1301 1256
1568 1143 516 1129
363 18 87 440
1675 340 1712 1537
803 1424 1180 447
1483 1171 667 1138
996 1378 454 181
498 1608 1548 1160
1192 316 668 1217
382 196 186 1299
1205 867 451 699
329 395 586 1234
1210 226 458 896
770 319 1330 501
1337 1508 1676 1459
1390 442 475 593
271 500 1689 902
363 18 87 440
334 1145 1694 1286
1109 1521 1310 484
1542 1721 13 468
1120 200 249 1510
882 1422 229 1156
1225 771 8 1001
1661 1335 1572 1572
645 532 493 82
1483 1171 667 1138
660 383 455 1009
598 1212 576 1411
309 1472 1498 1028
1666 1547 1478 899
1219 552 742 696
49 1509 577 349
941 265 1384 289
517 452 430 688
1553 98 858 31
508 1169 901 1083
1311 79 164 534
524 167 397 1556
1123 1321 390 125
599 974 1369 682
202 285 1704 1361
348 1208 801 27
541 893 827 1644
1533 1283 1280 914
557 116 845 1632
341 497 1066 124
1228 1081 1526 512
1406 1221 338 214
1033 1564 757 96
1482 1682 942 241
990 1414 1474 735
1219 552 742 696
17 889 148 1457
1019 244 445 772
973 1587 539 1573
427 1008 1373 114
1192 316 668 1217
639 1206 1516 871
332 463 1539 399
1605 1452 644 611
1340 581 1658 938
400 1713 158 643
963 291 1128 949
198 303 432 634
1553 98 858 31
693 106 726 822
1502 921 476 1616
936 1086 33 1596
1069 1426 1315 748
1188 507 257 1002
1683 1611 1575 546
1435 108 146 1401
646 1151 948 325
1164 1379 293 1115
1642 1236 152 1014
848 1044 962 869
599 974 1369 682
1470 852 927 436
233 1520 862 658
1614 872 783 129
531 166 1503 1275
1586 1576 26 1257
1439 219 755 755
1318 1434 1006 542
1309 884 1258 810
382 196 186 1299
672 683 1338 874
814 745 860 855
1224 1631 254 898
928 1445 6 999
1179 479 1652 327
1533 1283 1280 914
1305 36 953 40
1176 804 1525 1051
1561 1633 75 597
653 37 1710 730
1613 287 9 461
848 1044 962 869
583 1664 919 1077
1200 1637 519 1506
309 1472 1498 1028
1069 1426 1315 748
818 763 1557 946
237 635 1273 78
566 300 718 1606
1106 1090 624 259
982 405 1466 1659
803 1424 1180 447
557 116 845 1632
1555 1570 865 633
1463 234 409 987
123 739 471 909
728 740 180 998
751 701 1295 808
57 961 1618 1531
540 274 582 838
1609 1239 222 1024
1461 266 719 1249
93 1122 842 90
821 1377 1067 505
814 745 860 855
243 1589 1580 859
332 463 1539 399
427 1008 1373 114
1241 916 1266 30
247 1451 322 174
585 421 1481 600
238 147 415 1624
531 166 1503 1275
41 1423 1108 1446
770 319 1330 501
758 795 789 472
1015 1400 615 817
1690 1418 474 56
407 1345 1111 850
631 1341 99 952
394 1 431 1649
83 1643 1628 513
1107 1692 717 1144
517 452 430 688
1194 1026 606 954
936 1086 33 1596
321 157 964 563
621 70 857 989
1015 1400 615 817
1186 797 1546 1142
932 1512 570 1298
1425 1441 984 805
951 224 595 559
1246 1485 1363 1203
1567 208 1665 1016
1614 872 783 129
589 769 1150 1141
550 328 112 605
882 1422 229 1156
1440 800 931 1255
1642 1236 152 1014
1307 798 1189 986
1092 897 439 203
1707 1199 197 1172
271 500 1689 902
1383 301 983 450
848 1044 962 869
348 1208 801 27
38 775 602 841
588 1213 1301 1213
261 420 661 1346
1687 307 1436 10
928 1445 6 999
541 893 827 1644
1561 1633 75 597
407 1345 1111 850
238 147 415 1624
1376 886 1464 1196
1303 520 749 354
831 1049 929 1394
655 252 705 7
1107 1692 717 1144
756 1514 127 638
511 975 1323 429
1455 538 1443 134
923 1602 414 1167
1683 1611 1575 546
1113 654 1484 920
360 1045 1544 1588
1040 1054 250 76
747 565 1621 60
1270 311 1285 1456
847 1686 320 299
1347 34 330 1094
1244 917 1354 310
205 211 1500 767
551 120 980 137
1591 333 835 386
117 806 151 253
1300 1688 555 669
1147 1615 248 1037
535 556 346 1240
1019 244 445 772
1303 520 749 354
1715 1055 441 1082
1455 538 1443 134
1724 510 80 1250
1155 1429 664 122
1362 1409 193 1370
1130 42 1598 825
1439 219 755 1439
102 1350 183 102
616 1152 959 470
818 763 1557 946
359 380 1204 1571
652 401 279 61
1201 580 1458 46
337 326 494 388
1612 1271 391 91
913 350 778 778
1635 1278 1475 1231
236 294 829 846
773 1391 1476 689
910 1477 213 910
74 377 318 622
737 843 1327 1174
1566 1515 1607 1410
105 553 408 1695
1707 1199 197 1172
572 1209 1031 677
204 950 762 590
1040 1054 250 76
673 240 640 5
923 1602 414 1167
1502 921 476 1616
202 285 1704 1361
256 675 1581 1518
574 66 1112 574
107 1700 1333 1096
1617 89 1229 1639
1296 361 815 1404
215 1313 1253 188
814 745 860 855
660 383 455 1009
1362 1409 193 1370
1175 1163 1623 1007
568 1302 1089 766
737 843 1327 1174
1393 375 1046 1600
1502 921 476 1616
1357 1534 1148 957
1381 1709 935 746
1105 370 515 1070
786 227 1085 1011
1300 1688 555 669
967 1473 269 481
557 116 845 1632
774 750 870 968
1666 1547 1478 899
1661 1335 1572 1238
787 446 398 873
1675 340 1712 1537
449 525 14 1495
233 1520 862 862
1431 1193 618 618
540 274 582 838
1448 1261 1577 1103
562 1399 1304 1304
102 1350 183 651
1133 221 864 133
955 1264 453 1551
1225 771 8 1001
282 1492 731 958
1488 1718 149 1672
612 357 1348 1627
530 900 1402 71
1599 223 1043 1685
58 1701 1387 1693
1462 1396 423 155
215 1313 1253 188
1530 495 636 1392
1522 591 650 1004
1080 623 933 283
1470 852 927 436
1100 1030 1657 312
1194 1026 606 954
793 1297 460 335
110 1157 160 627
714 790 113 374
1702 1095 1182 1703
1690 1418 474 56
62 716 1022 343
341 497 1066 124
787 446 398 873
1107 1692 717 1144
1662 765 1079 1110
1405 692 1487 692
1357 1534 1148 957
496 799 422 733
1296 361 815 1404
1568 1143 516 1129
1228 1081 1526 512
671 1554 915 130
785 1135 1216 1038
1165 1408 729 571
741 1648 1245 741
62 716 1022 343
977 647 1039 875
941 265 1384 289
309 1472 1498 1028
693 106 726 822
1173 1316 65 1104
1677 47 1569 1339
887 629 1351 1332
756 1514 127 638
344 1640 39 1329
1075 1386 543 792
199 637 1247 1670
1715 1055 441 1082
198 303 432 634
392 1646 161 1708
67 1660 1036 1711
1702 1095 1182 1703
264 1125 657 642
317 649 156 713
12 679 883 1059
236 294 829 846
1435 108 146 1401
1053 218 267 744
828 1326 1166 459
1073 592 1552 630
1393 375 1046 1600
67 1660 1036 1711
425 1159 537 1505
210 912 1371 796
711 1277 903 1274
1555 1570 865 633
848 1044 962 869
1433 680 780 1324
965 1540 302 1507
57 961 1618 1531
1543 1471 153 143
676 305 1003 788
1355 356 994 371
1175 1163 1623 1007
535 556 346 1240
1010 1444 1453 1444
1522 591 650 1004
1613 287 9 461
1318 1434 1006 542
1227 1048 367 485
531 166 1503 1275
1072 365 934 1650
1604 837 52 245
1165 1408 729 571
117 806 151 253
662 1447 1538 1469
81 1153 1265 1262
1219 552 742 696
1522 591 650 1004
1574 830 284 369
784 940 1057 1168
496 799 422 733
1542 1721 13 468
1246 1485 1363 1203
1119 584 536 54
487 1047 826 499
652 401 279 61
478 410 723 1154
419 176 389 1314
1033 1564 757 96
1591 333 835 386
427 1008 1373 114
784 940 1057 1168
84 905 306 1127
676 305 1003 788
212 2 1118 1681
1720 313 465 94
1635 1278 1475 1231
671 1554 915 130
331 1460 732 1442
435 483 1511 702
936 1086 33 1596
184 674 55 1388
844 1535 620 118
1375 469 262 691
1415 1536 686 1630
15 140 527 482
1609 1239 222 1024
1720 313 465 94
53 890 169 53
535 556 346 1240
1202 1214 1647 1592
255 1320 242 1101
304 1259 1486 336
985 1000 190 1268
359 380 1204 1571
1513 366 991 1063
588 1213 1301 1301
154 522 1065 1428
1227 1048 367 485
856 863 922 368
209 836 16 490
1246 1485 1363 1203
88 1328 378 378
110 1157 160 627
345 1272 139 1078
1461 266 719 1249
951 224 595 559
1375 469 262 691
947 1413 1491 573
1617 89 1229 1639
506 434 1218 297
1140 1267 239 404
1325 85 1517 216
337 326 494 388
132 1052 1450 666
1416 761 1222 1084
107 1700 1333 1096
932 1512 570 932
280 64 1397 1579
1179 479 1652 327
1433 680 780 1324
154 522 1065 1428
1381 1709 935 746
866 1117 720 1312
694 1655 178 1251
324 1342 1663 1663
1109 1521 1310 484
828 1326 1166 459
803 1424 1180 447
145 1139 448 978
220 173 272 628
1523 104 824 1183
939 1349 171 956
1479 172 295 578
1533 1283 1280 914
12 679 883 1059
1461 266 719 1249
1542 1721 13 468
1448 1261 1577 1103
847 1686 320 299
1106 1090 624 259
1375 469 262 691
1461 266 719 1249
491 1281 1358 943
20 443 50 206
561 1706 437 126
936 1086 33 1596
1407 549 706 906
617 832 1603 791
1140 1267 239 404
1305 36 953 40
278 138 1097 1420
457 564 1243 1344
1134 514 579 811
81 1153 1265 1262
1227 1048 367 485
1123 1321 390 125
665 182 533 924
1707 1199 197 1172
228 1161 992 544
93 1122 842 90
304 1259 1486 336
498 1608 1548 1160
228 1161 992 544
1431 1193 618 35
506 434 1218 297
1136 1012 853 109
684 1593 1380 290
1567 208 1665 1016
676 305 1003 788
1132 547 1717 189
168 670 3 418
273 246 608 69
1015 1400 615 817
747 565 1621 60
566 300 718 1606
752 121 1368 1497
1390 442 475 593
625 162 1058 1654
1448 1261 1577 1103
891 416 1590 1651
1136 1012 853 109
49 1509 577 349
631 1341 99 952
988 347 342 101
1040 1054 250 76
930 1594 700 438
694 1655 178 1251
1381 1709 935 746
1116 529 554 918
1415 1536 686 1630
1133 221 864 133
1724 510 80 1250
752 121 1368 1497
1288 191 1018 68
1279 195 1565 1041
784 940 1057 1168
17 889 148 1457
83 1643 1628 513
1586 1576 26 1257
1336 298 997 1467
1130 42 1598 825
304 1259 1486 336
1337 1508 1676 1459
955 1264 453 1551
879 1102 880 925
707 1220 1126 260
304 1259 1486 336
928 1445 6 999
977 647 1039 1039
1337 1508 1676 1459
1678 819 217 834
1080 623 933 283
419 176 389 1314
1613 287 9 461
736 1027 794 760
1279 195 1565 1041
154 522 1065 1428
714 790 113 374
220 173 272 628
1533 1283 1280 914
67 1660 1036 1711
1405 692 1487 569
1175 1163 1623 1007
1604 837 52 245
1195 995 351 28
1207 548 722 1601
1207 548 722 1601
1430 1284 823 1042
11 207 678 426
1053 218 267 744
665 182 533 924
724 849 712 24
698 710 1374 632
1462 1396 423 155
209 836 16 490
1519 1230 518 396
256 675 1581 675
400 1713 158 643
362 339 411 1197
747 565 1621 60
212 2 1118 1681
1653 177 734 1698
237 635 1273 78
1309 884 1258 810
353 308 1233 1294
1263 840 263 777
831 1049 929 1394
550 328 112 605
1186 797 1546 1142
1574 830 284 369
1416 761 1222 1084
656 32 1680 1248
117 806 151 253
1164 1379 293 1115
74 377 318 622
1609 1239 222 1024
144 558 1071 1131
645 532 493 82
491 1281 1358 943
324 1342 1663 324
1061 937 1185 972
392 1646 161 1708
1656 1668 373 779
44 1306 1722 424
1303 520 749 354
673 240 640 5
785 1135 1216 1038
243 1589 1580 859
1337 1508 1676 1459
1605 1452 644 611
756 1514 127 638
1207 548 722 1601
145 1139 448 978
1586 1576 26 1257
277 1367 477 413
625 162 1058 1654
1318 1434 1006 542
1407 549 706 906
913 350 778 913
282 1492 731 958
329 395 586 1234
985 1000 190 1268
1582 1620 1319 1146
709 406 385 1438
204 950 762 590
1385 521 1334 115
1523 104 824 1183
192 727 1187 894
1489 1098 1610 738
394 1 431 1649
1124 502 971 1293
1604 837 52 245
506 434 1218 297
773 1391 1476 689
1662 765 1079 1110
19 1563 1099 480
1617 89 1229 1639
1362 1409 193 1370
1530 495 636 1392
1353 908 1398 575
967 1473 269 481
583 1664 919 1077
1385 521 1334 115
45 492 851 1291
331 1460 732 1442
540 274 582 838
1604 837 52 245
648 601 292 1496
1279 195 1565 1041
19 1563 1099 480
616 1152 959 470
393 1317 1419 809
891 416 1590 1651
585 421 1481 600
154 522 1065 1428
73 1025 911 379
1430 1284 823 1042
1425 1441 984 805
709 406 385 1438
360 1045 1544 1588
1393 375 1046 1600
1642 1236 152 1014
362 339 411 1197
1405 692 1487 1405
1176 804 1525 1051
1360 1684 1395 1364
1147 1615 248 1037
1376 886 1464 1196
990 1414 1474 735
653 37 1710 730
457 564 1243 1344
1254 868 1056 1723
561 1706 437 126
973 1587 539 1573
1529 526 1669 489
955 1264 453 1551
844 1535 620 118
1210 226 458 896
1347 34 330 1094
910 1477 213 456
363 18 87 440
314 944 1029 1020
1200 1637 519 1506
1365 753 1088 888
1720 313 465 94
277 1367 477 413
1254 868 1056 1723
280 64 1397 1579
589 769 1150 1141
12 679 883 1059
1296 361 815 1404
1244 917 1354 310
1270 311 1285 1456
1597 1178 687 464
646 1151 948 325
309 1472 1498 1028
1406 1221 338 1406
1479 172 295 578
1336 298 997 1467
866 1117 720 1312
1062 708 807 1087
1431 1193 618 1431
1667 1023 1269 1184
965 1540 302 1507
1641 159 466 1235
1179 479 1652 327
1124 502 971 1293
1246 1485 1363 1203
1119 584 536 54
136 1034 372 1343
960 877 945 704
645 532 493 82
967 1473 269 481
1375 469 262 691
1558 820 135 92
1124 502 971 1293
231 1282 179 1032
236 294 829 846
486 1625 1638 1699
345 1272 139 1078
334 1145 1694 1286
1376 886 1464 1196
969 1714 1636 1545
1198 1226 743 296
939 1349 171 956
1405 692 1487 1487
225 1504 412 1562
1480 1191 1211 567
1132 547 1717 189
1276 1232 1190 685
1279 195 1565 1041
996 1378 454 181
1120 200 249 1510
1015 1400 615 817
770 319 1330 501
625 162 1058 1654
1205 867 451 699
278 138 1097 1420
344 1640 39 1329
255 1320 242 1101
225 1504 412 1562
672 683 1338 874
736 1027 794 760
1523 104 824 1183
612 357 1348 1627
1053 218 267 744
866 1117 720 1312
709 406 385 1438
81 1153 1265 1262
1210 226 458 896
352 1622 1352 979
1687 307 1436 10
321 157 964 563
1567 208 1665 1016
724 849 712 24
1513 366 991 1063
271 500 1689 902
1155 1429 664 122
329 395 586 1234
215 1313 1253 188
324 1342 1663 607
847 1686 320 299
604 1583 4 111
673 240 640 5
781 1322 358 462
1325 85 1517 216
282 1492 731 958
1307 798 1189 986
672 683 1338 874
550 328 112 605
947 1413 1491 573
1479 172 295 578
1582 1620 1319 1146
81 1153 1265 1262
209 836 16 490
337 326 494 388
1488 1718 149 1672
1244 917 1354 310
1309 884 1258 810
1010 1444 1453 1453
776 1060 1290 1013
1705 768 1673 904
1585 681 1421 1162
721 1494 403 1619
15 140 527 482
247 1451 322 174
231 1282 179 1032
659 29 1719 387
1207 548 722 1601
1064 1121 175 1454
473 813 270 63
271 500 1689 902
1488 1718 149 1672
487 1047 826 499
187 1068 201 885
41 1423 1108 1446
1325 85 1517 216
17 889 148 1457
910 1477 213 213
785 1135 1216 1038
604 1583 4 111
854 560 1437 1356
1303 520 749 354
419 176 389 1314
1292 695 876 596
923 1602 414 1167
528 981 1035 281
352 1622 1352 979
1116 529 554 918
508 1169 901 1083
1425 1441 984 805
62 716 1022 343
662 1447 1538 1469
656 32 1680 1248
19 1563 1099 480
1383 301 983 450
273 246 608 69
1155 1429 664 122
551 120 980 137
1678 819 217 834
1707 1199 197 1172
939 1349 171 956
1336 298 997 1467
728 740 180 998
1075 1386 543 792
1176 804 1525 1051
1482 1682 942 241
107 1700 1333 1096
20 443 50 206
1383 301 983 450
487 1047 826 499
467 1137 1237 1403
97 185 839 1412
1198 1226 743 296
45 492 851 1291
963 291 1128 949
107 1700 1333 1096
1662 765 1079 1110
540 274 582 838
545 1005 1091 286
427 1008 1373 114
887 629 1351 1332
11 207 678 426
1599 223 1043 1685
1666 1547 1478 899
1683 1611 1575 546
621 70 857 989
1347 34 330 1094
1073 592 1552 630
1597 1178 687 464
854 560 1437 1356
1635 1278 1475 1231
566 300 718 1606
1605 1452 644 611
1523 104 824 1183
550 328 112 605
1653 177 734 1698
1075 1386 543 792
1242 1382 603 1550
473 813 270 63
1415 1536 686 1630
1597 1178 687 464
278 138 1097 1420
881 970 150 1528
1555 1570 865 633
1241 916 1266 30
1305 36 953 40
84 905 306 1127
1705 768 1673 904
168 670 3 418
136 1034 372 1343
709 406 385 1438
20 443 50 206
212 2 1118 1681
589 769 1150 1141
561 1706 437 126
210 912 1371 796
1201 580 1458 46
199 637 1247 1670
562 1399 1304 1399
967 1473 269 481
314 944 1029 1020
698 710 1374 632
1192 316 668 1217
1202 1214 1647 1592
1242 1382 603 1550
38 775 602 841
572 1209 1031 677
1626 1493 59 1595
1612 1271 391 91
1483 1171 667 1138
1613 287 9 461
714 790 113 374
1591 333 835 386
617 832 1603 791
236 294 829 846
237 635 1273 78
1201 580 1458 46
737 843 1327 1174
574 66 1112 66
1626 1493 59 1595
1568 1143 516 1129
939 1349 171 956
199 637 1247 1670
1614 872 783 129
535 556 346 1240
662 1447 1538 1469
1679 1366 663 1696
947 1413 1491 573
228 1161 992 544
353 308 1233 1294
280 64 1397 1579
1202 1214 1647 1592
770 319 1330 501
1307 798 1189 986
23 381 594 1289
348 1208 801 27
1578 103 230 43
210 912 1371 796
878 275 1549 165
202 285 1704 1361
123 739 471 909
1062 708 807 1087
728 740 180 998
1164 1379 293 1115
960 877 945 704
1455 538 1443 134
1656 1668 373 779
1105 370 515 1070
818 763 1557 946
44 1306 1722 424
53 890 169 169
1612 1271 391 91
793 1297 460 335
741 1648 1245 77
478 410 723 1154
1440 800 931 1255
1355 356 994 371
965 1540 302 1507
764 21 802 232
736 1027 794 760
1407 549 706 906
574 66 1112 993
1331 1359 235 95
665 182 533 924
926 782 1490 1427
881 970 150 1528
1064 1121 175 1454
545 1005 1091 286
694 1655 178 1251
583 1664 919 1077
545 1005 1091 286
1656 1668 373 779
1482 1682 942 241
1254 868 1056 1723
136 1034 372 1343
759 503 1634 163
1311 79 164 534
781 1322 358 462
1100 1030 1657 312
1574 830 284 369
655 252 705 7
210 912 1371 796
1574 830 284 369
1578 103 230 43
1480 1191 1211 567
1061 937 1185 972
394 1 431 1649
486 1625 1638 1699
1061 937 1185 972
1132 547 1717 189
759 503 1634 163
467 1137 1237 1403
51 907 428 1691
1641 159 466 1235
660 383 455 1009
866 1117 720 1312
83 1643 1628 513
1175 1163 1623 1007
1425 1441 984 805
878 275 1549 165
1227 1048 367 485
498 1608 1548 1160
1106 1090 624 259
913 350 778 1074
598 1212 576 1411
1715 1055 441 1082
574 66 1112 1112
337 326 494 388
588 1213 1301 588
102 1350 183 183
1353 908 1398 575
1188 507 257 1002
561 1706 437 126
928 1445 6 999
665 182 533 924
41 1423 1108 1446
511 975 1323 429
419 176 389 1314
764 21 802 232
1553 98 858 31
1513 366 991 1063
473 813 270 63
1123 1321 390 125
1270 311 1285 1456
97 185 839 1412
659 29 1719 387
508 1169 901 1083
803 1424 1180 447
1642 1236 152 1014
828 1326 1166 459
364 1050 119 1417
566 300 718 1606
1415 1536 686 1630
1661 1335 1572 1335
1114 258 1584 1076
932 1512 570 570
128 1372 614 433
1462 1396 423 155
1585 681 1421 1162
261 420 661 1346
1527 1468 1287 86
1365 753 1088 888
384 1158 609 1697
67 1660 1036 1711
1260 1524 1177 1671
204 950 762 590
1530 495 636 1392
444 861 1308 523
334 1145 1694 1286
818 763 1557 946
17 889 148 1457
693 106 726 822
776 1060 1290 1013
1675 340 1712 1537
1385 521 1334 115
170 276 1215 355
1462 1396 423 155
1360 1684 1395 1364
74 377 318 622
44 1306 1722 424
363 18 87 440
1130 42 1598 825
45 492 851 1291
394 1 431 1649
128 1372 614 433
509 72 376 141
1432 1541 895 1170
1532 613 1674 1499
1612 1271 391 91
509 72 376 141
209 836 16 490
1677 47 1569 1339
332 463 1539 399
856 863 922 368
1393 375 1046 1600
1532 613 1674 1499
491 1281 1358 943
233 1520 862 1520
646 1151 948 325
1522 591 650 1004
57 961 1618 1531
698 710 1374 632
1567 208 1665 1016
1200 1637 519 1506
854 560 1437 1356
425 1159 537 1505
985 1000 190 1268
1105 370 515 1070
653 37 1710 730
192 727 1187 894
261 420 661 1346
847 1686 320 299
1223 1389 816 812
264 1125 657 642
228 1161 992 544
814 745 860 855
1433 680 780 1324
1194 1026 606 954
1120 200 249 1510
625 162 1058 1654
509 72 376 141
1069 1426 1315 748
1501 1629 626 1645
74 377 318 622
102 1350 183 1350
1431 1193 618 1193
690 1449 1017 1252
831 1049 929 1394
728 740 180 998
498 1608 1548 1160
1543 1471 153 143
1679 1366 663 1696
117 806 151 253
1635 1278 1475 1231
1532 613 1674 1499
142 833 966 194
737 843 1327 1174
930 1594 700 438
773 1391 1476 689
844 1535 620 118
711 1277 903 1274
947 1413 1491 573
1205 867 451 699
821 1377 1067 505
1123 1321 390 125
721 1494 403 1619
1073 592 1552 630
11 207 678 426
187 1068 201 885
1305 36 953 40
457 564 1243 1344
1513 366 991 1063
145 1139 448 978
1687 307 1436 10
887 629 1351 1332
1132 547 1717 189
562 1399 1304 562
1653 177 734 1698
828 1326 1166 459
1270 311 1285 1456
690 1449 1017 1252
641 488 22 315
1130 42 1598 825
1219 552 742 696
88 1328 378 88
1407 549 706 906
457 564 1243 1344
435 483 1511 702
1113 654 1484 920
1406 1221 338 1221
277 1367 477 413
187 1068 201 885
1173 1316 65 1104
1064 1121 175 1454
965 1540 302 1507
344 1640 39 1329
1559 725 1181 131
787 446 398 873
1406 1221 338 338
352 1622 1352 979
1113 654 1484 920
759 503 1634 163
1519 1230 518 396
572 1209 1031 677
384 1158 609 1697
435 483 1511 702
478 410 723 1154
1069 1426 1315 748
973 1587 539 1573
698 710 1374 632
1010 1444 1453 402
990 1414 1474 735
1365 753 1088 888
51 907 428 1691
1173 1316 65 1104
1586 1576 26 1257
1021 715 504 754
1558 820 135 92
585 421 1481 600
844 1535 620 118
1578 103 230 43
1433 680 780 1324
144 558 1071 1131
1263 840 263 777
105 553 408 1695
1201 580 1458 46
1502 921 476 1616
1489 1098 1610 738
1075 1386 543 792
785 1135 1216 1038
1612 1271 391 91
926 782 1490 1427
1543 1471 153 143
703 1716 288 268
15 140 527 482
145 1139 448 978
773 1391 1476 689
331 1460 732 1442
892 1560 976 25
1033 1564 757 96
1561 1633 75 597
1357 1534 1148 957
856 863 922 368
1558 820 135 92
449 525 14 1495
132 1052 1450 666
530 900 1402 71
243 1589 1580 859
655 252 705 7
639 1206 1516 871
1683 1611 1575 546
38 775 602 841
393 1317 1419 809
384 1158 609 1697
1566 1515 1607 1410
528 981 1035 281
531 166 1503 1275
913 350 778 350
1210 226 458 896
110 1157 160 627
142 833 966 194
714 790 113 374
364 1050 119 1417
496 799 422 733
348 1208 801 27
977 647 1039 647
41 1423 1108 1446
1296 361 815 1404
168 670 3 418
881 970 150 1528
278 138 1097 1420
1307 798 1189 986
51 907 428 1691
1430 1284 823 1042
407 1345 1111 850
1194 1026 606 954
648 601 292 1496
449 525 14 1495
1061 937 1185 972
45 492 851 1291
1133 221 864 133
711 1277 903 1274
1149 100 48 417
1173 1316 65 1104
557 116 845 1632
393 1317 1419 809
1653 177 734 1698
751 701 1295 808
1021 715 504 754
996 1378 454 181
73 1025 911 379
20 443 50 206
1263 840 263 777
621 70 857 989
1195 995 351 28
1105 370 515 1070
583 1664 919 1077
215 1313 1253 188
879 1102 880 925
392 1646 161 1708
1080 623 933 283
541 893 827 1644
506 434 1218 297
684 1593 1380 290
84 905 306 1127
362 339 411 1197
568 1302 1089 766
639 1206 1516 871
247 1451 322 174
345 1272 139 1078
1480 1191 1211 567
142 833 966 194
1667 1023 1269 1184
1383 301 983 450
1260 1524 1177 1671
1080 623 933 283
1483 1171 667 1138
1527 1468 1287 86
360 1045 1544 1588
1390 442 475 593
205 211 1500 767
1331 1359 235 95
1064 1121 175 1454
323 697 1093 323
1501 1629 626 1645
707 1220 1126 260
317 649 156 713
97 185 839 1412
786 227 1085 1011
604 1583 4 111
1073 592 1552 630
1331 1359 235 95
360 1045 1544 1588
996 1378 454 181
707 1220 1126 260
400 1713 158 643
49 1509 577 349
1626 1493 59 1595
425 1159 537 1505
1318 1434 1006 542
892 1560 976 25
1582 1620 1319 1146
1555 1570 865 633
273 246 608 69
1276 1232 1190 685
1120 200 249 1510
1591 333 835 386
1605 1452 644 611
1448 1261 1577 1103
988 347 342 101
787 446 398 873
652 401 279 61
142 833 966 194
621 70 857 989
960 877 945 704
15 140 527 482
205 211 1500 767
1311 79 164 534
982 405 1466 1659
220 173 272 628
1198 1226 743 296
243 1589 1580 859
23 381 594 1289
648 601 292 1496
1033 1564 757 96
97 185 839 1412
359 380 1204 1571
1360 1684 1395 1364
1597 1178 687 464
1340 581 1658 938
758 795 789 472
892 1560 976 25
1675 340 1712 1537
1092 897 439 203
530 900 1402 71
711 1277 903 1274
353 308 1233 1294
1724 510 80 1250
568 1302 1089 766
951 224 595 559
1578 103 230 43
73 1025 911 379
38 775 602 841
758 795 789 472
23 381 594 1289
1114 258 1584 1076
123 739 471 909
1062 708 807 1087
1092 897 439 203
747 565 1621 60
530 900 1402 71
524 167 397 1556
1626 1493 59 1595
53 890 169 890
599 974 1369 682
329 395 586 1234
400 1713 158 643
1241 916 1266 30
184 674 55 1388
612 357 1348 1627
1355 356 994 371
1109 1521 1310 484
231 1282 179 1032
204 950 762 590
990 1414 1474 735
969 1714 1636 1545
1527 1468 1287 86
1325 85 1517 216
444 861 1308 523
673 240 640 5
1667 1023 1269 1184
1263 840 263 777
136 1034 372 1343
1109 1521 1310 484
407 1345 1111 850
793 1297 460 335
881 970 150 1528
703 1716 288 268
1416 761 1222 1084
449 525 14 1495
1149 100 48 417
384 1158 609 1697
1260 1524 1177 1671
1136 1012 853 109
1677 47 1569 1339
741 1648 1245 1245
1292 695 876 596
1489 1098 1610 738
205 211 1500 767
509 72 376 141
1276 1232 1190 685
1288 191 1018 68
641 488 22 315
1715 1055 441 1082
1186 797 1546 1142
821 1377 1067 505
1164 1379 293 1115
487 1047 826 499
1223 1389 816 812
467 1137 1237 1403
1019 244 445 772
1677 47 1569 1339
1666 1547 1478 899
184 674 55 1388
758 795 789 472
1585 681 1421 1162
1223 1389 816 812
1705 768 1673 904
1705 768 1673 904
1432 1541 895 1170
1416 761 1222 1084
1439 219 755 219
1242 1382 603 1550
524 167 397 1556
985 1000 190 1268
671 1554 915 130
969 1714 1636 1545
1149 100 48 417
341 497 1066 124
73 1025 911 379
672 683 1338 874
1072 365 934 1650
551 120 980 137
703 1716 288 268
941 265 1384 289
1463 234 409 987
751 701 1295 808
1188 507 257 1002
736 1027 794 760
1440 800 931 1255
