1852
7
612 1150 220 1462 373 756 1474
13 1467 1090 1547 1831 723 1408
CADBAACDAACBDADABCBADCDCCDADBDCCCDDCDADCBDACACABBBDAACCDACCDDBDADBDBCCBDACCBCCDACDDABBCABABBCDCABACCABCCDCDDADDDDAACAAADCABABDDADBBCCDCABADBDDDABCBCDDDADBBCCCDCBBCACABDACABCDBCBABCCCADADDBDACBDBBBABCADDAAAACBDCBDDAABBDCBCDCCCBDCDDCACBCDADCBAABBABCCDCBABDBCBADADADADDDDCADCADACBADADCDDAA
980 782 1851 1194
1263 425 190 931
1696 1149 165 1325
1379 1013 1640 372
606 714 842 864
774 649 1355 875
3 1823 1584 1221
868 701 920 563
142 1091 1549 697
1377 57 1299 524
602 1776 775 1518
724 41 961 143
1819 1774 1725 756
198 1294 1512 516
1233 1767 1128 223
255 1737 950 1734
1404 430 625 943
169 867 546 262
323 1701 1841 942
711 452 8 348
912 9 293 183
529 423 1739 1529
1410 216 822 1542
497 1439 991 1647
1255 251 1821 368
567 156 127 1064
1047 1207 653 1709
1272 1442 243 1442
159 1085 1705 846
472 1009 207 426
1526 1174 1753 110
1562 1833 1792 808
1460 1746 449 1625
894 736 440 1704
140 969 1173 199
1257 147 1560 727
174 852 131 414
1286 1469 1400 189
167 1731 1382 1055
20 998 1076 810
1488 1850 335 268
357 399 1585 956
561 1507 1796 1815
521 1609 1289 373
1361 1583 778 1505
901 1481 1810 1599
561 1507 1796 1815
949 1053 905 27
121 1548 1728 1632
1646 340 1376 1538
1773 999 986 890
1035 1200 204 985
370 613 1691 1513
1364 171 1620 1222
1254 893 1060 543
1123 64 469 654
438 558 176 302
548 1438 579 1494
1308 1287 1555 1161
85 1809 640 936
1633 1362 788 1073
1591 1422 1429 325
1649 856 531 292
1618 1724 152 1152
980 782 1851 1194
196 1835 1211 1835
565 361 1590 1782
1630 1282 1832 1508
1553 1844 1298 26
1669 1078 630 21
1285 310 1226 1766
545 1477 1569 1088
1715 1849 555 1182
264 464 785 667
196 1835 1211 1682
280 1533 777 682
772 1771 522 35
117 1616 441 1616
236 620 291 1783
108 518 1116 245
873 1206 1002 1690
1437 1425 917 1075
803 839 1712 1281
1323 1380 1484 641
605 1615 919 813
946 231 771 1822
1310 1744 699 1139
1192 1258 851 1037
1803 78 130 1803
661 1120 540 1693
266 527 1231 1231
1427 1081 1270 1448
266 527 1231 120
230 105 559 439
118 166 854 1444
474 258 1419 324
1594 902 908 1359
1726 405 269 1108
1323 1380 1484 641
185 377 1466 716
1269 831 1158 686
794 1338 1812 1241
1395 634 944 45
489 635 600 1130
1164 1638 1718 1627
379 564 1384 94
1324 488 175 220
278 1543 1036 551
1279 966 444 453
1579 1311 1808 86
39 628 151 913
1610 1785 609 463
264 464 785 667
1181 289 394 422
1575 112 871 1102
1607 708 734 17
1845 1040 1587 1845
1187 1596 1732 250
1582 507 273 733
591 1157 1604 346
1106 681 48 270
1795 897 1433 665
503 1403 1235 676
668 308 1487 829
123 922 1820 948
1308 1287 1555 1161
1049 232 1051 1051
38 356 1497 550
1651 1146 542 1390
117 1616 441 441
547 263 971 1113
1340 162 1225 1617
1757 1039 1367 843
413 644 1360 1354
305 31 1755 1393
724 41 961 143
1170 1373 1530 275
1763 381 1730 990
1192 1258 851 1037
866 321 1523 747
300 1483 1506 703
498 7 1516 408
1488 1850 335 268
1131 1038 730 465
642 1165 126 59
548 1438 579 1494
538 470 741 306
968 1141 1514 1177
1094 298 1126 526
1123 64 469 654
167 1731 1382 1055
353 1253 997 1531
1697 492 24 397
56 150 1025 1536
1471 958 1626 1343
1049 232 1051 232
1566 729 478 398
297 318 1018 601
333 213 427 821
409 1847 1545 1588
1591 1422 1429 325
1743 954 1004 806
1520 989 1033 432
621 742 720 1602
709 320 1495 1031
1187 1596 1732 250
1190 1786 1650 599
264 464 785 667
725 1405 773 1300
811 1334 1000 624
193 509 792 1522
1667 277 955 557
20 998 1076 810
547 263 971 1113
456 577 1573 477
1292 1675 1198 160
1614 365 116 1344
146 226 58 312
1686 1559 1722 824
1111 214 257 914
135 1280 1184 1084
198 1294 1512 516
142 1091 1549 697
401 67 1413 1790
1473 254 282 403
1726 405 269 1108
297 318 1018 601
549 978 523 597
1480 896 826 765
1754 1534 740 87
606 714 842 864
493 1825 1288 1288
1138 643 1041 249
1386 972 581 1185
685 1220 768 70
1191 44 447 1191
1365 783 1268 1050
124 460 799 938
866 321 1523 747
836 1500 1020 10
1322 347 963 319
1702 887 1486 144
1208 1251 1842 1644
211 1589 181 1156
1553 1844 1298 26
1133 838 1784 1828
1291 848 1586 1074
1437 1425 917 1075
910 1434 1805 759
1686 1559 1722 824
135 1280 1184 1084
474 258 1419 324
1502 993 1201 81
795 945 76 1068
1503 1674 645 462
1420 1779 608 1275
845 1348 1431 97
22 1459 941 1150
1416 1351 766 1167
456 577 1573 477
779 1237 1528 767
1715 1849 555 1182
136 367 1544 12
1665 745 1660 79
817 1601 1028 1628
548 1438 579 1494
121 1548 1728 1632
1001 225 877 552
685 1220 768 70
1164 1638 1718 1627
805 1242 316 1371
233 1521 1333 1521
1816 107 940 1816
1496 486 694 51
1094 298 1126 526
930 219 1751 1134
300 1483 1506 703
1385 696 161 62
517 505 261 1698
374 1372 490 326
1752 1114 713 1729
401 67 1413 1790
1418 1140 1122 1122
1197 1570 1571 1339
278 1543 1036 551
647 1735 1827 286
688 416 330 415
172 1274 1424 758
1103 892 787 639
173 1099 40 358
658 1052 615 1052
1801 1387 1096 83
1062 598 1723 1252
1608 1703 1677 1600
1057 1271 1054 878
459 1546 119 825
795 945 76 1068
1748 442 1188 163
828 1656 217 790
300 1483 1506 703
884 1717 202 1104
725 1405 773 1300
473 253 1412 651
953 530 735 514
1496 486 694 51
591 1157 1604 591
1629 754 1788 1169
1485 382 248 1765
1056 1519 1482 1095
949 1053 905 27
434 1572 1117 2
535 891 929 556
457 1463 392 802
1575 112 871 1102
1759 1346 721 689
99 664 738 84
1672 663 1452 660
317 1806 1304 1492
395 1738 72 1005
1406 1622 1476 241
396 366 138 937
1608 1703 1677 1600
1026 1846 519 1107
1254 893 1060 543
396 366 138 937
571 485 338 926
37 1402 1342 580
828 1656 217 790
1580 508 1428 1838
980 782 1851 1194
930 219 1751 1134
1397 1016 1080 359
142 1091 1549 697
1035 1200 204 985
128 679 1163 1178
1257 147 1560 727
418 1217 1061 1015
1318 400 91 93
573 30 695 888
194 770 1213 311
606 714 842 864
1292 1675 1198 160
1305 1243 1264 443
561 1507 1796 1815
1526 1174 1753 110
445 1456 1653 659
85 1809 640 936
1670 475 692 475
1613 1043 68 749
350 206 762 1511
1386 972 581 1185
548 1438 579 1494
1665 745 1660 79
121 1548 1728 1632
1697 492 24 397
1695 197 732 1349
1024 1689 1557 636
418 1217 1061 1015
363 66 970 75
101 1578 566 1368
43 47 1551 304
1817 1215 858 951
925 576 623 791
1748 442 1188 163
1326 1321 360 753
594 1262 1770 1180
1058 1565 192 1527
1471 958 1626 1343
357 399 1585 956
1183 513 763 1010
1819 1774 1725 756
1100 707 1171 1012
1502 993 1201 81
1208 1251 1842 1644
1485 382 248 1765
604 331 1684 331
52 294 610 835
1611 125 1336 1306
1657 1011 1454 271
1083 614 1154 1017
39 628 151 913
159 1085 1705 846
451 391 154 560
1374 322 506 1554
883 1441 208 82
218 1008 739 1090
363 66 970 66
868 701 920 563
604 331 1684 1684
1133 838 1784 1828
379 564 1384 94
19 784 1749 487
1643 28 603 1643
118 166 854 1444
737 899 975 215
1286 1469 1400 189
71 1561 1537 776
20 998 1076 810
145 1635 1295 903
932 371 1694 352
662 420 1046 924
1260 1800 1700 188
196 1835 1211 196
1210 369 1284 1612
1607 708 734 17
1763 381 1730 990
724 41 961 143
658 1052 615 1408
1826 1470 584 1066
927 862 389 841
19 784 1749 487
983 1314 715 502
804 1740 632 133
594 1262 1770 1180
240 1603 979 402
238 1798 1189 678
1473 254 282 403
710 1022 256 1019
230 105 559 439
1340 162 1225 1617
341 1440 419 111
172 1274 1424 758
244 680 1443 1335
1651 1146 542 1390
474 258 1419 324
1427 1081 1270 1448
85 1809 640 936
1801 1387 1096 83
1296 1350 148 1711
1305 1243 1264 443
56 150 1025 1536
1662 1472 393 1797
153 315 454 1077
1580 508 1428 1838
545 1477 1569 1088
1763 381 1730 990
497 1439 991 1647
534 1664 1445 1552
71 1561 1537 776
266 527 1231 527
565 361 1590 1782
374 1372 490 326
1608 1703 1677 1600
1379 1013 1640 372
1056 1519 1482 1095
296 1781 812 36
185 377 1466 716
3 1823 1584 1221
1121 1525 1793 928
737 899 975 215
1657 1011 1454 271
342 494 29 751
569 992 525 299
547 263 971 1113
1183 513 763 1010
1183 513 763 1010
883 1441 208 82
1641 482 1331 1032
39 628 151 913
1577 1432 337 1777
574 1576 115 274
1580 508 1428 1838
1564 885 376 1278
1636 1398 259 288
1754 1534 740 87
1291 848 1586 1074
1502 993 1201 81
49 314 907 227
1001 225 877 552
1059 339 1230 411
836 1500 1020 10
1276 200 431 834
1233 1767 1128 223
1263 425 190 931
1834 1218 915 102
1646 340 1376 1538
413 644 1360 1354
1292 1675 1198 160
1164 1638 1718 1627
1072 1794 1541 1450
1845 1040 1587 1587
1520 989 1033 432
1135 1634 1706 1097
1186 4 404 876
1228 104 554 596
1322 347 963 319
521 1609 1289 373
329 42 1637 655
578 34 962 1261
1216 1804 570 221
56 150 1025 1536
868 701 920 563
1186 4 404 876
1697 492 24 397
169 867 546 262
90 879 1327 1234
1662 1472 393 1797
511 512 187 158
1582 507 273 733
668 308 1487 829
1764 967 933 32
247 939 1153 1277
1772 1063 1619 80
953 530 735 514
1716 1756 229 195
1394 448 1663 1110
889 53 510 1556
1574 1592 801 180
1618 1724 152 1152
445 1456 1653 659
807 1098 1245 881
1291 848 1586 1074
1062 598 1723 1252
1748 442 1188 163
1768 336 349 336
1574 1592 801 180
90 879 1327 1234
534 1664 1445 1552
1715 1849 555 1182
235 671 684 149
255 1737 950 1734
648 378 1658 1227
1803 78 130 130
95 1848 354 1414
1611 125 1336 1306
1773 999 986 890
323 1701 1841 942
456 577 1573 477
575 1259 1501 1710
594 1262 1770 1180
201 960 446 987
497 1439 991 1647
1255 251 1821 1255
159 1085 1705 846
1410 216 822 1542
476 468 1606 1232
1092 309 501 1301
3 1823 1584 1221
818 746 859 1642
1597 909 669 704
1613 1043 68 749
1639 619 593 820
1532 760 1378 1624
272 748 789 1240
884 1717 202 1104
1817 1215 858 951
457 1463 392 802
1030 246 1297 1162
1138 643 1041 249
370 613 1691 1513
297 318 1018 601
297 318 1018 601
718 134 437 1383
1799 332 1317 585
1070 351 106 1166
124 460 799 938
884 1717 202 1104
278 1543 1036 551
343 590 1067 1490
889 53 510 1556
804 1740 632 133
140 969 1173 199
109 1852 1446 1458
438 558 176 302
573 30 695 888
1318 400 91 93
591 1157 1604 1157
865 380 1464 132
1564 885 376 1278
1799 332 1317 585
1397 1016 1080 359
1364 171 1620 1222
511 512 187 158
964 690 327 1115
1563 1392 994 1733
1244 1363 1315 383
1636 1398 259 288
445 1456 1653 659
774 649 1355 875
670 700 757 1648
1496 486 694 51
429 921 228 860
1320 1758 1214 1302
1633 1362 788 1073
276 1736 717 798
725 1405 773 1300
473 253 1412 651
481 1357 1707 16
109 1852 1446 1458
1286 1469 1400 189
317 1806 1304 1492
817 1601 1028 1628
750 1396 656 672
489 635 600 1130
627 364 874 1079
1563 1392 994 1733
1672 663 1452 660
1292 1675 1198 160
1164 1638 1718 1627
56 150 1025 1536
1654 1391 388 252
602 1776 775 1518
65 1 290 827
230 105 559 439
662 420 1046 924
1269 831 1158 686
1049 232 1051 1049
1411 499 1727 1524
573 30 695 888
779 1237 1528 767
1611 125 1336 1306
49 314 907 227
472 1009 207 426
1575 112 871 1102
752 1713 833 1303
96 212 385 1742
90 879 1327 1234
894 736 440 1704
481 1357 1707 16
174 852 131 414
1256 1148 1247 1830
910 1434 1805 759
210 588 179 1212
869 1491 1160 722
1100 707 1171 1012
1374 322 506 1554
901 1481 1810 1599
1686 1559 1722 824
1273 281 285 1007
451 391 154 560
218 1008 739 218
1411 499 1727 1524
1760 1435 1034 178
1780 74 168 113
517 505 261 1698
489 635 600 1130
109 1852 1446 1458
1671 1196 618 515
1430 157 1238 1623
575 1259 1501 1710
418 1217 1061 1015
137 1132 1417 786
1272 1442 243 243
1819 1774 1725 756
1840 1137 14 182
1750 996 1676 164
233 1521 1333 1203
847 1692 1045 471
1772 1063 1619 80
1035 1200 204 985
342 494 29 751
1460 1746 449 1625
927 862 389 841
1093 1144 1540 435
1129 1478 33 612
1681 1489 1048 657
1681 1489 1048 657
1070 351 106 1166
1760 1435 1034 178
930 219 1751 1134
691 617 616 1224
533 1145 900 458
96 212 385 1742
1112 536 1082 1290
1059 339 1230 411
1769 589 731 882
1210 369 1284 1612
167 1731 1382 1055
296 1781 812 36
912 9 293 183
1498 362 1014 1027
1757 1039 1367 843
1394 448 1663 1110
1361 1583 778 1505
575 1259 1501 1710
1332 1535 69 205
240 1603 979 402
1147 46 898 587
1493 764 1179 480
605 1615 919 813
755 1605 1720 1683
1308 1287 1555 1161
1103 892 787 639
569 992 525 299
247 939 1153 1277
865 380 1464 132
571 485 338 926
710 1022 256 1019
386 830 92 1465
301 995 191 5
1062 598 1723 1252
1802 1661 1775 450
61 1652 544 1119
1618 1724 152 1152
357 399 1585 956
1223 520 467 1680
947 1172 702 1581
1129 1478 33 612
1228 104 554 596
719 313 984 224
670 700 757 1648
1577 1432 337 1777
719 313 984 224
1323 1380 1484 641
1029 496 796 1250
1795 897 1433 665
953 530 735 514
1670 475 692 1670
1219 1087 539 6
849 819 500 1265
1094 298 1126 526
1223 520 467 1680
772 1771 522 35
1330 1721 1366 1631
37 1402 1342 580
1532 760 1378 1624
1769 589 731 882
1385 696 161 62
38 356 1497 550
1197 1570 1571 1339
949 1053 905 27
1406 1622 1476 241
1181 289 394 422
1094 298 1126 526
1669 1078 630 21
982 677 1089 626
1026 1846 519 1107
1183 513 763 1010
1370 1811 532 54
1058 1565 192 1527
1681 1489 1048 657
1768 336 349 349
1764 967 933 32
1773 999 986 890
472 1009 207 426
1591 1422 1429 325
498 7 1516 408
705 957 1155 850
1239 283 1249 687
849 819 500 1265
65 1 290 827
809 1283 129 384
194 770 1213 311
1219 1087 539 6
77 952 1168 673
872 504 1065 1761
479 1457 73 222
1404 430 625 943
101 1578 566 1368
459 1546 119 825
868 701 920 563
780 1328 88 139
959 1353 1558 421
1750 996 1676 164
1639 619 593 820
1473 254 282 403
99 664 738 84
413 644 1360 1354
1665 745 1660 79
691 617 616 1224
1370 1811 532 54
1127 491 1309 1449
781 495 23 1474
1488 1850 335 268
582 1423 209 1399
355 410 1741 1595
538 470 741 306
872 504 1065 1761
534 1664 1445 1552
1716 1756 229 195
1273 281 285 1007
1365 783 1268 1050
457 1463 392 802
1404 430 625 943
1799 332 1317 585
1072 1794 1541 1450
1503 1674 645 462
1323 1380 1484 641
22 1459 941 1150
1310 1744 699 1139
445 1456 1653 659
691 617 616 1224
811 1334 1000 624
355 410 1741 1595
236 620 291 1783
412 837 906 611
43 47 1551 304
535 891 929 556
1630 1282 1832 1508
1223 520 467 1680
159 1085 1705 846
1109 390 303 1666
932 371 1694 352
698 823 1415 1248
1539 537 424 1151
1714 344 586 1567
849 819 500 1265
1667 277 955 557
484 1517 800 1101
1142 1205 652 1659
185 377 1466 716
1133 838 1784 1828
718 134 437 1383
235 671 684 149
237 1829 141 260
1356 1839 1401 295
1369 1086 242 184
1669 1078 630 21
301 995 191 5
1386 972 581 1185
805 1242 316 1371
140 969 1173 199
582 1423 209 1399
386 830 92 1465
137 1132 1417 786
1285 310 1226 1766
1406 1622 1476 241
816 1447 345 417
1369 1086 242 184
1192 1258 851 1037
1410 216 822 1542
629 793 406 1388
307 387 60 1475
323 1701 1841 942
953 530 735 514
1170 1373 1530 275
1493 764 1179 480
1125 1479 328 155
535 891 929 556
845 1348 1431 97
96 212 385 1742
1138 643 1041 249
296 1781 812 36
1468 1621 1003 1791
280 1533 777 682
476 468 1606 1232
1021 1118 743 170
99 664 738 84
668 308 1487 829
95 1848 354 1414
1111 214 257 914
1662 1472 393 1797
1673 1837 988 1293
1757 1039 1367 843
1695 197 732 1349
904 769 1453 650
815 1426 1337 674
1550 1159 279 1510
1651 1146 542 1390
711 452 8 348
1112 536 1082 1290
1257 147 1560 727
1840 1137 14 182
1614 365 116 1344
1330 1721 1366 1631
883 1441 208 82
375 637 1195 1352
412 837 906 611
1597 909 669 704
1760 1435 1034 178
1502 993 1201 81
1420 1779 608 1275
705 957 1155 850
1175 923 1176 977
1582 507 273 733
237 1829 141 260
980 782 1851 1194
845 1348 1431 97
1670 475 692 1105
1427 1081 1270 1448
982 677 1089 626
1778 675 287 981
1109 390 303 1666
836 1500 1020 10
1035 1200 204 985
1377 57 1299 524
342 494 29 751
89 1679 483 1199
1673 1837 988 1293
49 314 907 227
1296 1350 148 1711
1750 996 1676 164
895 1193 1499 622
210 588 179 1212
1594 902 908 1359
333 213 427 821
807 1098 1245 881
844 1843 1267 583
1597 909 669 704
77 952 1168 673
1836 334 1266 203
547 263 971 1113
1418 1140 1122 723
1187 1596 1732 250
1747 1246 284 55
1397 1016 1080 359
750 1396 656 672
461 1645 693 1204
412 837 906 611
1001 225 877 552
1778 675 287 981
1296 1350 148 1711
98 1745 186 1699
1750 996 1676 164
1340 162 1225 1617
43 47 1551 304
725 1405 773 1300
65 1 290 827
1127 491 1309 1449
1646 340 1376 1538
1610 1785 609 463
272 748 789 1240
1136 832 1762 861
1210 369 1284 1612
386 830 92 1465
1379 1013 1640 372
817 1601 1028 1628
1381 814 177 1708
661 1120 540 1693
49 314 907 227
815 1426 1337 674
1273 281 285 1007
1437 1425 917 1075
1702 887 1486 144
238 1798 1189 678
1233 1767 1128 223
1131 1038 730 465
472 1009 207 426
370 613 1691 1513
1347 103 1307 1319
1563 1392 994 1733
1493 764 1179 480
1320 1758 1214 1302
1072 1794 1541 1450
533 1145 900 458
237 1829 141 260
1029 496 796 1250
901 1481 1810 1599
1503 1674 645 462
511 512 187 158
1655 712 1071 1236
114 973 1509 683
642 1165 126 59
301 995 191 5
1047 1207 653 1709
342 494 29 751
121 1548 1728 1632
114 973 1509 683
1219 1087 539 6
484 1517 800 1101
1646 340 1376 1538
142 1091 1549 697
167 1731 1382 1055
795 945 76 1068
794 1338 1812 1241
98 1745 186 1699
407 761 100 1687
872 504 1065 1761
1840 1137 14 182
65 1 290 827
1001 225 877 552
503 1403 1235 676
1316 1312 1789 1421
1577 1432 337 1777
96 212 385 1742
1611 125 1336 1306
1296 1350 148 1711
880 428 840 572
1563 1392 994 1733
1416 1351 766 1167
1754 1534 740 87
19 784 1749 487
1562 1833 1792 808
1394 448 1663 1110
117 1616 441 1688
605 1615 919 813
1763 381 1730 990
668 308 1487 829
688 416 330 415
1324 488 175 220
529 423 1739 1529
925 576 623 791
1059 339 1230 411
1361 1583 778 1505
280 1533 777 682
805 1242 316 1371
809 1283 129 384
503 1403 1235 676
1047 1207 653 1709
1057 1271 1054 878
461 1645 693 1204
772 1771 522 35
1799 332 1317 585
904 769 1453 650
1672 663 1452 660
71 1561 1537 776
77 952 1168 673
726 1787 974 744
574 1576 115 274
1322 347 963 319
1488 1850 335 268
894 736 440 1704
363 66 970 970
1058 1565 192 1527
98 1745 186 1699
1186 4 404 876
1562 1833 1792 808
239 1042 1329 595
866 321 1523 747
196 1835 1211 1211
473 253 1412 651
1256 1148 1247 1830
1181 289 394 422
355 410 1741 1595
1503 1674 645 462
1629 754 1788 1169
1316 1312 1789 1421
109 1852 1446 1458
374 1372 490 326
629 793 406 1388
37 1402 1342 580
1769 589 731 882
1639 619 593 820
1665 745 1660 79
211 1589 181 1156
1347 103 1307 1319
1322 347 963 319
633 934 466 1229
1276 200 431 834
341 1440 419 111
1092 309 501 1301
573 30 695 888
873 1206 1002 1690
122 666 1407 1143
606 714 842 864
621 742 720 1602
1643 28 603 603
711 452 8 348
1347 103 1307 1319
1112 536 1082 1290
817 1601 1028 1628
1136 832 1762 861
918 706 1818 728
904 769 1453 650
545 1477 1569 1088
1498 362 1014 1027
396 366 138 937
22 1459 941 1150
1291 848 1586 1074
718 134 437 1383
434 1572 1117 2
479 1457 73 222
983 1314 715 502
1260 1800 1700 188
1641 482 1331 1032
145 1635 1295 903
1093 1144 1540 435
418 1217 1061 1015
459 1546 119 825
1377 57 1299 524
811 1334 1000 624
459 1546 119 825
1747 1246 284 55
1332 1535 69 205
1123 64 469 654
343 590 1067 1490
1260 1800 1700 188
375 637 1195 1352
476 468 1606 1232
647 1735 1827 286
101 1578 566 1368
648 378 1658 1227
1276 200 431 834
146 226 58 312
211 1589 181 1156
317 1806 1304 1492
1836 334 1266 203
1716 1756 229 195
895 1193 1499 622
1598 1313 638 1462
1103 892 787 639
517 505 261 1698
1630 1282 1832 1508
865 380 1464 132
807 1098 1245 881
1577 1432 337 1777
61 1652 544 1119
947 1172 702 1581
233 1521 1333 233
307 387 60 1475
233 1521 1333 1333
1129 1478 33 612
1047 1207 653 1709
1381 814 177 1708
1190 1786 1650 599
855 1023 1504 1668
1381 814 177 1708
493 1825 1288 493
1657 1011 1454 271
1320 1758 1214 1302
1641 482 1331 1032
1671 1196 618 515
108 518 1116 245
1049 232 1051 607
272 748 789 1240
869 1491 1160 722
451 391 154 560
280 1533 777 682
1021 1118 743 170
379 564 1384 94
780 1328 88 139
1069 797 1358 1202
1125 1479 328 155
844 1843 1267 583
407 761 100 1687
711 452 8 348
1697 492 24 397
912 9 293 183
1210 369 1284 1612
145 1635 1295 903
265 234 541 1824
1244 1363 1315 383
1093 1144 1540 435
305 31 1755 1393
333 213 427 821
401 67 1413 1790
774 649 1355 875
276 1736 717 798
1769 589 731 882
22 1459 941 1150
498 7 1516 408
1613 1043 68 749
1834 1218 915 102
1318 400 91 93
855 1023 1504 1668
803 839 1712 1281
631 1006 1685 1515
815 1426 1337 674
20 998 1076 810
479 1457 73 222
95 1848 354 1414
1610 1785 609 463
1493 764 1179 480
1702 887 1486 144
1768 336 349 1389
949 1053 905 27
343 590 1067 1490
1056 1519 1482 1095
1305 1243 1264 443
329 42 1637 655
795 945 76 1068
1244 1363 1315 383
473 253 1412 651
959 1353 1558 421
1058 1565 192 1527
278 1543 1036 551
1263 425 190 931
811 1334 1000 624
1633 1362 788 1073
670 700 757 1648
880 428 840 572
781 495 23 1474
1618 1724 152 1152
1649 856 531 292
1471 958 1626 1343
1318 400 91 93
201 960 446 987
136 367 1544 12
1460 1746 449 1625
575 1259 1501 1710
1716 1756 229 195
1170 1373 1530 275
89 1679 483 1199
1416 1351 766 1167
631 1006 1685 1515
1778 675 287 981
198 1294 1512 516
1103 892 787 639
1239 283 1249 687
781 495 23 1474
239 1042 1329 595
1802 1661 1775 450
1795 897 1433 665
1834 1218 915 102
511 512 187 158
429 921 228 860
901 1481 1810 1599
1568 267 976 1451
709 320 1495 1031
529 423 1739 1529
1636 1398 259 288
353 1253 997 1531
688 416 330 415
1093 1144 1540 435
77 952 1168 673
135 1280 1184 1084
218 1008 739 1008
982 677 1089 626
395 1738 72 1005
1127 491 1309 1449
11 1209 562 1807
647 1735 1827 286
38 356 1497 550
886 433 15 1409
1308 1287 1555 1161
379 564 1384 94
1356 1839 1401 295
772 1771 522 35
698 823 1415 1248
1759 1346 721 689
479 1457 73 222
809 1283 129 384
866 321 1523 747
1579 1311 1808 86
1316 1312 1789 1421
1316 1312 1789 1421
239 1042 1329 595
38 356 1497 550
235 671 684 149
1780 74 168 113
1580 508 1428 1838
627 364 874 1079
718 134 437 1383
305 31 1755 1393
1256 1148 1247 1830
1379 1013 1640 372
173 1099 40 358
1520 989 1033 432
1385 696 161 62
1430 157 1238 1623
521 1609 1289 373
1836 334 1266 203
533 1145 900 458
629 793 406 1388
240 1603 979 402
1070 351 106 1166
1461 857 1345 553
409 1847 1545 1588
1803 78 130 935
211 1589 181 1156
873 1206 1002 1690
1021 1118 743 170
1816 107 940 1831
1764 967 933 32
1802 1661 1775 450
1136 832 1762 861
61 1652 544 1119
1813 592 568 1719
602 1776 775 1518
1826 1470 584 1066
1191 44 447 447
1686 1559 1722 824
1386 972 581 1185
646 528 1044 1678
461 1645 693 1204
779 1237 1528 767
1641 482 1331 1032
794 1338 1812 1241
774 649 1355 875
1669 1078 630 21
1696 1149 165 1325
193 509 792 1522
889 53 510 1556
1681 1489 1048 657
1743 954 1004 806
350 206 762 1511
710 1022 256 1019
489 635 600 1130
1394 448 1663 1110
1657 1011 1454 271
591 1157 1604 1604
1574 1592 801 180
136 367 1544 12
661 1120 540 1693
1532 760 1378 1624
780 1328 88 139
1369 1086 242 184
1566 729 478 398
1026 1846 519 1107
535 891 929 556
1468 1621 1003 1791
1695 197 732 1349
1135 1634 1706 1097
244 680 1443 1335
815 1426 1337 674
1254 893 1060 543
1568 267 976 1451
705 957 1155 850
1026 1846 519 1107
476 468 1606 1232
1813 592 568 1719
1671 1196 618 515
1643 28 603 28
1320 1758 1214 1302
658 1052 615 658
1568 267 976 1451
538 470 741 306
1836 334 1266 203
752 1713 833 1303
549 978 523 597
894 736 440 1704
1780 74 168 113
1754 1534 740 87
1135 1634 1706 1097
1597 909 669 704
1208 1251 1842 1644
210 588 179 1212
307 387 60 1475
982 677 1089 626
265 234 541 1824
1381 814 177 1708
1418 1140 1122 1418
396 366 138 937
1667 277 955 557
847 1692 1045 471
836 1500 1020 10
688 416 330 415
238 1798 1189 678
1186 4 404 876
305 31 1755 1393
1673 1837 988 1293
965 863 916 1593
1651 1146 542 1390
1826 1470 584 1066
350 206 762 1511
1480 896 826 765
11 1209 562 1807
1255 251 1821 1821
804 1740 632 133
1244 1363 1315 383
844 1843 1267 583
409 1847 1545 1588
633 934 466 1229
124 460 799 938
642 1165 126 59
968 1141 1514 1177
647 1735 1827 286
567 156 127 1064
438 558 176 302
582 1423 209 1399
1613 1043 68 749
646 528 1044 1678
1109 390 303 1666
1024 1689 1557 636
1135 1634 1706 1097
123 922 1820 948
1395 634 944 45
11 1209 562 1807
201 960 446 987
1239 283 1249 687
946 231 771 1822
1814 63 1341 1124
1147 46 898 587
1639 619 593 820
244 680 1443 1335
1814 63 1341 1124
1100 707 1171 1012
266 527 1231 266
1395 634 944 45
646 528 1044 1678
932 371 1694 352
363 66 970 363
755 1605 1720 1683
456 577 1573 477
709 320 1495 1031
932 371 1694 352
661 1120 540 1693
1192 1258 851 1037
517 505 261 1698
18 455 1455 1375
648 378 1658 1227
1553 1844 1298 26
1816 107 940 940
1112 536 1082 1290
1197 1570 1571 1339
123 922 1820 948
1330 1721 1366 1631
1468 1621 1003 1791
1461 857 1345 553
1743 954 1004 806
1649 856 531 292
174 852 131 414
726 1787 974 744
1607 708 734 17
750 1396 656 672
1370 1811 532 54
1395 634 944 45
1594 902 908 1359
1365 783 1268 1050
968 1141 1514 1177
1356 1839 1401 295
240 1603 979 402
574 1576 115 274
569 992 525 299
386 830 92 1465
128 679 1163 1178
255 1737 950 1734
1021 1118 743 170
114 973 1509 683
569 992 525 299
816 1447 345 417
1125 1479 328 155
244 680 1443 1335
193 509 792 1522
307 387 60 1475
18 455 1455 1375
895 1193 1499 622
1269 831 1158 686
401 67 1413 1790
1364 171 1620 1222
1695 197 732 1349
594 1262 1770 1180
1759 1346 721 689
1817 1215 858 951
169 867 546 262
1083 614 1154 1017
438 558 176 302
1142 1205 652 1659
983 1314 715 502
755 1605 1720 1683
1614 365 116 1344
1190 1786 1650 599
413 644 1360 1354
230 105 559 439
1591 1422 1429 325
1256 1148 1247 1830
803 839 1712 1281
296 1781 812 36
604 331 1684 13
429 921 228 860
1801 1387 1096 83
122 666 1407 1143
1526 1174 1753 110
329 42 1637 655
1361 1583 778 1505
1223 520 467 1680
145 1635 1295 903
828 1656 217 790
910 1434 1805 759
1480 896 826 765
128 679 1163 1178
174 852 131 414
1532 760 1378 1624
1059 339 1230 411
582 1423 209 1399
1752 1114 713 1729
1795 897 1433 665
1129 1478 33 612
1233 1767 1128 223
1420 1779 608 1275
818 746 859 1642
1062 598 1723 1252
565 361 1590 1782
118 166 854 1444
705 957 1155 850
1356 1839 1401 295
1170 1373 1530 275
781 495 23 1474
1748 442 1188 163
847 1692 1045 471
1814 63 1341 1124
1326 1321 360 753
910 1434 1805 759
1667 277 955 557
407 761 100 1687
1330 1721 1366 1631
265 234 541 1824
1030 246 1297 1162
1326 1321 360 753
1566 729 478 398
1594 902 908 1359
52 294 610 835
1029 496 796 1250
484 1517 800 1101
146 226 58 312
1272 1442 243 853
407 761 100 1687
481 1357 1707 16
1092 309 501 1301
39 628 151 913
1437 1425 917 1075
1418 1140 1122 1140
1197 1570 1571 1339
1187 1596 1732 250
964 690 327 1115
1279 966 444 453
883 1441 208 82
265 234 541 1824
201 960 446 987
1069 797 1358 1202
1629 754 1788 1169
719 313 984 224
301 995 191 5
434 1572 1117 2
169 867 546 262
1228 104 554 596
1715 1849 555 1182
1279 966 444 453
529 423 1739 1529
578 34 962 1261
750 1396 656 672
1147 46 898 587
1662 1472 393 1797
1340 162 1225 1617
1427 1081 1270 1448
1473 254 282 403
1598 1313 638 1462
918 706 1818 728
1480 896 826 765
869 1491 1160 722
726 1787 974 744
153 315 454 1077
1608 1703 1677 1600
1410 216 822 1542
85 1809 640 936
1752 1114 713 1729
276 1736 717 798
1460 1746 449 1625
1471 958 1626 1343
237 1829 141 260
1655 712 1071 1236
855 1023 1504 1668
194 770 1213 311
755 1605 1720 1683
172 1274 1424 758
1131 1038 730 465
1670 475 692 692
1485 382 248 1765
947 1172 702 1581
451 391 154 560
1127 491 1309 1449
1024 1689 1557 636
235 671 684 149
481 1357 1707 16
101 1578 566 1368
1773 999 986 890
1286 1469 1400 189
1260 1800 1700 188
533 1145 900 458
1377 57 1299 524
752 1713 833 1303
873 1206 1002 1690
247 939 1153 1277
1747 1246 284 55
816 1447 345 417
194 770 1213 311
1654 1391 388 252
965 863 916 1593
1181 289 394 422
395 1738 72 1005
1133 838 1784 1828
124 460 799 938
927 862 389 841
239 1042 1329 595
1498 362 1014 1027
3 1823 1584 1221
95 1848 354 1414
137 1132 1417 786
855 1023 1504 1668
1276 200 431 834
1816 107 940 107
1138 643 1041 249
43 47 1551 304
818 746 859 1642
880 428 840 572
1579 1311 1808 86
493 1825 1288 25
1369 1086 242 184
1564 885 376 1278
1759 1346 721 689
1643 28 603 1436
1142 1205 652 1659
1406 1622 1476 241
1310 1744 699 1139
1553 1844 1298 26
1123 64 469 654
1285 310 1226 1766
1083 614 1154 1017
1636 1398 259 288
1834 1218 915 102
1069 797 1358 1202
1420 1779 608 1275
317 1806 1304 1492
724 41 961 143
1121 1525 1793 928
1582 507 273 733
521 1609 1289 373
1106 681 48 270
498 7 1516 408
395 1738 72 1005
561 1507 1796 1815
964 690 327 1115
567 156 127 1064
1817 1215 858 951
11 1209 562 1807
370 613 1691 1513
1332 1535 69 205
574 1576 115 274
1175 923 1176 977
538 470 741 306
1285 310 1226 1766
1550 1159 279 1510
122 666 1407 1143
238 1798 1189 678
493 1825 1288 1825
534 1664 1445 1552
1374 322 506 1554
1629 754 1788 1169
276 1736 717 798
1461 857 1345 553
1461 857 1345 553
1263 425 190 931
90 879 1327 1234
1111 214 257 914
1610 1785 609 463
1575 112 871 1102
52 294 610 835
1269 831 1158 686
946 231 771 1822
1030 246 1297 1162
809 1283 129 384
457 1463 392 802
816 1447 345 417
1696 1149 165 1325
71 1561 1537 776
844 1843 1267 583
1598 1313 638 1462
1121 1525 1793 928
135 1280 1184 1084
662 420 1046 924
1326 1321 360 753
1111 214 257 914
98 1745 186 1699
114 973 1509 683
737 899 975 215
173 1099 40 358
1219 1087 539 6
1147 46 898 587
1655 712 1071 1236
911 50 870 436
375 637 1195 1352
691 617 616 1224
374 1372 490 326
218 1008 739 739
1539 537 424 1151
1574 1592 801 180
1404 430 625 943
911 50 870 436
804 1740 632 133
1772 1063 1619 80
123 922 1820 948
1826 1470 584 1066
1630 1282 1832 1508
1607 708 734 17
1840 1137 14 182
1845 1040 1587 1040
1743 954 1004 806
353 1253 997 1531
108 518 1116 245
193 509 792 1522
918 706 1818 728
1752 1114 713 1729
1566 729 478 398
1142 1205 652 1659
578 34 962 1261
726 1787 974 744
886 433 15 1409
375 637 1195 1352
698 823 1415 1248
965 863 916 1593
18 455 1455 1375
1106 681 48 270
1125 1479 328 155
631 1006 1685 1515
642 1165 126 59
828 1656 217 790
357 399 1585 956
886 433 15 1409
1760 1435 1034 178
983 1314 715 502
648 378 1658 1227
412 837 906 611
1272 1442 243 1272
1813 592 568 1719
1764 967 933 32
1083 614 1154 1017
1092 309 501 1301
849 819 500 1265
1397 1016 1080 359
1430 157 1238 1623
429 921 228 860
1633 1362 788 1073
1228 104 554 596
1801 1387 1096 83
780 1328 88 139
845 1348 1431 97
434 1572 1117 2
710 1022 256 1019
1802 1661 1775 450
236 620 291 1783
1216 1804 570 221
153 315 454 1077
329 42 1637 655
964 690 327 1115
236 620 291 1783
1305 1243 1264 443
1672 663 1452 660
1747 1246 284 55
912 9 293 183
1768 336 349 1768
1070 351 106 1166
719 313 984 224
633 934 466 1229
247 939 1153 1277
409 1847 1545 1588
621 742 720 1602
911 50 870 436
865 380 1464 132
1803 78 130 78
889 53 510 1556
947 1172 702 1581
1191 44 447 1547
1539 537 424 1151
1819 1774 1725 756
1498 362 1014 1027
1175 923 1176 977
185 377 1466 716
1845 1040 1587 1467
1332 1535 69 205
1136 832 1762 861
927 862 389 841
807 1098 1245 881
670 700 757 1648
19 784 1749 487
1365 783 1268 1050
709 320 1495 1031
497 1439 991 1647
884 1717 202 1104
1726 405 269 1108
549 978 523 597
925 576 623 791
1131 1038 730 465
911 50 870 436
1072 1794 1541 1450
333 213 427 821
631 1006 1685 1515
255 1737 950 1734
1614 365 116 1344
61 1652 544 1119
752 1713 833 1303
968 1141 1514 1177
1673 1837 988 1293
1109 390 303 1666
1374 322 506 1554
627 364 874 1079
685 1220 768 70
1702 887 1486 144
886 433 15 1409
1411 499 1727 1524
1539 537 424 1151
18 455 1455 1375
1175 923 1176 977
1671 1196 618 515
353 1253 997 1531
1714 344 586 1567
1056 1519 1482 1095
818 746 859 1642
1106 681 48 270
959 1353 1558 421
341 1440 419 111
1190 1786 1650 599
173 1099 40 358
122 666 1407 1143
1057 1271 1054 878
571 485 338 926
99 664 738 84
1057 1271 1054 878
545 1477 1569 1088
1564 885 376 1278
1757 1039 1367 843
737 899 975 215
474 258 1419 324
904 769 1453 650
1239 283 1249 687
1726 405 269 1108
578 34 962 1261
1254 893 1060 543
1520 989 1033 432
323 1701 1841 942
621 742 720 1602
1416 1351 766 1167
959 1353 1558 421
1579 1311 1808 86
1310 1744 699 1139
1526 1174 1753 110
685 1220 768 70
895 1193 1499 622
646 528 1044 1678
1370 1811 532 54
146 226 58 312
272 748 789 1240
1778 675 287 981
341 1440 419 111
1562 1833 1792 808
172 1274 1424 758
350 206 762 1511
136 367 1544 12
604 331 1684 604
1273 281 285 1007
1780 74 168 113
140 969 1173 199
108 518 1116 245
1347 103 1307 1319
1714 344 586 1567
1216 1804 570 221
137 1132 1417 786
52 294 610 835
37 1402 1342 580
847 1692 1045 471
264 464 785 667
1257 147 1560 727
662 420 1046 924
930 219 1751 1134
89 1679 483 1199
1772 1063 1619 80
1430 157 1238 1623
355 410 1741 1595
698 823 1415 1248
1814 63 1341 1124
565 361 1590 1782
918 706 1818 728
1550 1159 279 1510
880 428 840 572
1069 797 1358 1202
1029 496 796 1250
1654 1391 388 252
153 315 454 1077
1385 696 161 62
1100 707 1171 1012
549 978 523 597
803 839 1712 1281
1216 1804 570 221
117 1616 441 117
779 1237 1528 767
484 1517 800 1101
1024 1689 1557 636
602 1776 775 1518
946 231 771 1822
605 1615 919 813
1655 712 1071 1236
1364 171 1620 1222
1468 1621 1003 1791
1411 499 1727 1524
1649 856 531 292
1654 1391 388 252
1324 488 175 220
461 1645 693 1204
872 504 1065 1761
1714 344 586 1567
503 1403 1235 676
658 1052 615 615
805 1242 316 1371
1696 1149 165 1325
1496 486 694 51
1255 251 1821 251
869 1491 1160 722
571 485 338 926
89 1679 483 1199
300 1483 1506 703
1568 267 976 1451
1324 488 175 220
965 863 916 1593
1550 1159 279 1510
794 1338 1812 1241
1191 44 447 44
1208 1251 1842 1644
633 934 466 1229
1030 246 1297 1162
128 679 1163 1178
198 1294 1512 516
925 576 623 791
1813 592 568 1719
210 588 179 1212
567 156 127 1064
1598 1313 638 1462
343 590 1067 1490
1121 1525 1793 928
118 166 854 1444
627 364 874 1079
1485 382 248 1765
629 793 406 1388
1279 966 444 453
