2184
8
490 531 1429 1416 1965 1897 2068 402
674 1641 153 454 430 161 1793 668
ACBBCCACBBADAADCAADBCDBDBCCBCCDDADDCCADADBBDCCBBBBDCCBDBBDABCDCBBCADABBBDDCBDCCDBDCADCCABDCADDCACDDCDDDDDCCDCACCDBCBACDBDDACBDABDBAABBDABCACCBDAADCDCBABBAADCBDDACACADCDCDDCBBBCBADACCCADDADBDDBCBABADBCCCACBAAABBBADCCBBDDACDADCBBADDACDCDCCDAAABADDCCAABDACDABBACDBADDDCDBBCBCCCBCDBBBDD
1181 778 872 513
768 1852 1779 1879
2063 744 1847 1986
1257 2000 1380 2166
599 2044 1023 1648
427 358 13 131
1141 132 1149 1048
244 2037 685 1700
2171 1398 1212 1271
589 1658 967 1096
451 947 546 1007
899 2151 888 643
1704 659 621 604
1307 1996 2149 999
989 1674 1083 1253
1764 2082 865 1492
1587 1459 937 695
587 1191 1512 2157
47 2090 1676 1206
307 1020 2020 1872
670 1062 858 1263
1688 1352 1828 692
1381 1325 1561 1032
1159 2169 677 540
265 1941 177 237
1557 424 1038 1641
1713 689 1456 143
277 2083 1626 1404
1460 1258 4 1545
1068 824 1692 1364
1014 2007 1999 1917
1480 408 1925 786
1330 625 1987 1493
1135 460 1585 1625
1773 931 581 868
1317 146 1583 1035
87 1127 1314 1184
1181 778 872 513
2071 1908 1932 371
1173 1988 2036 722
1741 617 1269 2161
1369 224 239 1817
854 904 199 1215
492 1296 928 920
272 500 1194 959
2094 40 594 505
1022 727 208 301
1528 331 1389 482
899 2151 888 643
693 984 1405 2168
976 81 877 2039
87 1127 1314 1184
1994 608 1619 1923
61 916 1807 2024
732 1209 1108 1678
844 1537 1840 1472
844 1537 1840 1472
1348 1468 973 973
1214 1249 1283 1532
1369 224 239 1817
679 600 65 1701
2132 1791 102 1802
277 2083 1626 1404
537 1602 2064 1247
1714 894 1562 1371
1769 1051 1796 309
267 787 1448 966
660 1324 821 718
2074 82 1542 712
234 1450 473 1660
582 1117 1786 1484
435 1224 2103 374
400 2105 412 1981
1359 1297 2150 10
471 1768 1466 1267
30 403 305 302
1379 1113 114 1627
119 182 1782 327
287 1838 636 139
946 766 728 1912
730 1059 686 2084
1783 545 276 1530
282 1337 666 413
1971 1128 788 1552
854 904 199 1215
5 422 445 615
1395 1226 1026 1989
869 62 127 312
2086 1960 706 125
951 669 99 1500
644 620 2126 1045
673 310 1736 425
1655 1809 1929 6
611 2122 751 992
106 1438 874 1142
848 855 1302 1138
2072 344 1037 1787
588 2162 656 1495
1145 283 646 1123
308 1373 958 387
720 335 655 1747
754 377 1287 2173
1893 654 1446 1547
1349 690 637 1011
565 747 1052 2043
1400 648 2014 217
15 1414 1426 1789
1895 1538 828 366
1399 49 406 12
2045 1501 1454 128
126 1732 266 815
1516 1891 639 73
1716 542 1365 1548
2028 111 709 317
392 2152 997 1706
670 1062 858 1263
1119 993 1080 1593
777 165 843 627
2077 852 897 1106
2165 553 2117 943
619 1599 986 1900
1141 132 1149 1048
2027 1575 228 228
560 459 1410 19
818 433 363 1336
2100 645 770 1998
2132 1791 102 1802
2177 536 838 449
267 787 1448 966
336 2029 1433 1942
1704 659 621 604
661 775 1843 2181
244 2037 685 1700
238 2050 910 115
1489 857 134 1072
431 881 1118 634
1555 498 1869 701
588 2162 656 1495
284 1420 213 1757
1861 2076 570 597
1105 1845 121 1043
319 21 116 1721
388 1063 1086 1235
1969 1564 772 1091
1214 1249 1283 1532
1383 1485 1777 1016
1682 1066 640 1243
1323 1463 222 1728
1214 1249 1283 1532
1323 1463 222 1728
1656 1975 861 1434
1070 356 1659 410
1507 1835 1767 1416
1589 2060 1523 461
349 711 1993 1877
2147 1750 961 2127
360 2154 1058 1163
1664 1739 1242 1897
475 511 1474 1505
265 1941 177 237
2129 638 375 531
649 878 247 2145
1566 117 885 1860
1009 2130 892 1475
441 1204 559 1368
566 1041 2088 1027
1633 1061 2001 271
496 1874 1901 291
1567 539 1579 1623
286 1888 1464 440
1504 948 1683 965
1529 590 1953 831
537 1602 2064 1247
582 1117 1786 1484
802 1527 466 939
1181 778 872 513
1606 779 341 2095
854 904 199 1215
1992 1695 1418 430
1213 954 1498 1927
1760 337 63 28
2077 852 897 1106
660 1324 821 718
532 1685 1109 256
1510 1114 983 1823
1507 1835 1767 1416
1529 590 1953 831
2062 1195 1436 809
879 365 583 1010
1566 117 885 1860
1213 954 1498 1927
1478 1237 1858 1196
316 1775 1974 791
981 1596 240 1401
2172 1415 118 995
987 484 750 738
1633 1061 2001 271
1949 942 2054 2058
564 1813 2 2073
1992 1695 1418 1418
1210 1042 880 1881
378 991 494 1085
1760 337 63 28
854 904 199 1215
844 1537 1840 1472
1969 1564 772 1091
1483 1189 518 1808
1046 2121 935 469
1460 1258 4 1545
601 9 1079 1361
1964 1262 381 653
418 192 2080 1914
1409 95 1982 1367
1694 1832 921 1921
532 1685 1109 256
1694 1832 921 1921
1675 1737 1661 1518
1349 690 637 1011
107 1461 226 2182
1280 1202 886 866
1264 568 1910 676
1003 180 1536 191
2165 553 2117 943
329 697 789 1419
2074 82 1542 712
15 1414 1426 1789
702 1309 93 2099
1578 707 1958 2068
1126 1017 2184 251
304 394 1967 211
1335 1870 799 1586
1504 948 1683 965
644 620 2126 1045
1407 776 742 1699
1105 1845 121 1043
1159 2169 677 540
1606 779 341 2095
392 2152 997 1706
329 697 789 1419
796 1560 734 1378
1715 839 696 1457
1135 460 1585 1625
610 1663 210 1081
159 1165 814 978
87 1127 1314 1184
1825 1340 479 752
1488 1665 1089 364
1994 608 1619 1923
456 1873 816 1590
152 2107 1738 2164
975 782 743 2143
1369 224 239 1817
1734 1646 487 1332
723 1853 1909 477
1713 689 1456 143
554 1403 442 998
957 571 293 1572
1092 929 561 1372
480 793 1842 842
1559 884 1029 2042
280 1479 2135 154
1866 1804 457 1654
1705 1430 1155 822
1330 625 1987 1493
1606 779 341 2095
2100 645 770 1998
2106 44 1363 700
399 122 7 285
2059 1276 1709 1687
151 944 1391 420
2023 1099 241 1515
1001 1985 607 1169
923 1745 1563 1563
532 1685 1109 256
148 346 150 1156
1240 1338 417 851
1431 2025 950 1771
5 422 445 615
1540 1963 665 1963
1589 2060 1523 461
2094 40 594 505
616 1629 2013 1839
647 1238 2021 1549
1409 95 1982 1367
1141 132 1149 1048
2119 694 2010 1553
284 1420 213 1757
407 1306 463 774
982 871 1862 871
1649 1075 1427 555
270 1065 1616 1645
1566 117 885 1860
520 70 1550 1978
1890 1820 1930 1785
2160 1164 39 629
193 1444 996 1968
565 747 1052 2043
1050 1312 1219 169
1455 1265 1521 1268
702 1309 93 2099
1046 2121 935 469
1068 824 1692 1364
2062 1195 1436 809
1964 1262 381 653
1068 824 1692 1364
1412 1098 323 333
1946 507 1631 1946
2178 450 1698 1110
2006 195 549 1603
1346 72 1490 1071
1890 1820 1930 1785
2132 1791 102 1802
1232 914 2031 1541
286 1888 1464 440
171 860 232 1494
398 746 1867 1217
126 1732 266 815
797 1556 1724 1386
670 1062 858 1263
1790 964 354 201
8 133 1172 357
1335 1870 799 1586
1018 1668 1707 1199
447 1201 1754 736
1349 690 637 1011
255 769 27 2035
2077 852 897 1106
802 1527 466 939
1570 289 977 1570
1315 1292 367 759
576 2052 1517 806
1799 1600 18 2030
1018 1668 1707 1199
1800 829 1250 1148
288 1577 1594 1628
1284 2078 1961 624
277 2083 1626 1404
343 1543 1681 1506
1634 1162 1345 1827
552 1008 411 915
2015 2163 130 1481
31 1581 1639 1818
628 817 34 242
147 1316 890 1892
733 230 1576 1178
1323 1463 222 1728
1607 541 1642 596
1012 911 1571 1582
489 1667 1727 78
2062 1195 1436 809
110 1844 613 1650
1943 194 526 558
2147 1750 961 2127
1210 1042 880 1881
399 122 7 285
1077 739 1097 1794
244 2037 685 1700
1704 659 621 604
579 1761 1509 66
2170 1230 1854 1684
985 1864 867 321
683 598 1305 1334
785 1544 650 296
662 227 300 1617
423 1740 1056 795
69 758 1950 225
339 1614 1640 1609
1092 929 561 1372
1651 1275 1087 731
171 860 232 1494
268 355 1069 1944
1408 359 1831 1865
982 871 1862 2114
2142 2131 1329 348
896 1755 1319 1752
470 1144 1486 48
735 2069 1884 1347
439 261 1830 575
678 773 1137 100
933 1608 22 467
1906 593 1310 630
495 205 57 56
1057 1520 543 1520
1028 2041 708 1524
1621 2175 2004 196
2156 2017 298 1765
2178 450 1698 1110
1595 1115 443 89
1285 306 1876 903
1587 1459 937 695
2158 1924 870 2144
1339 1638 1015 963
107 1461 226 2182
1964 1262 381 653
923 1745 1563 1745
1101 652 1136 84
933 1608 22 467
202 2133 2067 1299
1141 132 1149 1048
889 1273 2033 1689
660 1324 821 718
197 569 1880 167
1068 824 1692 1364
562 1207 275 474
1356 1502 898 32
899 2151 888 643
1722 1907 1894 51
1615 1792 1729 790
1359 1297 2150 10
1077 739 1097 1794
1937 1841 1948 263
889 1273 2033 1689
616 1629 2013 1839
1800 829 1250 1148
265 1941 177 237
951 669 99 1500
1753 675 805 1186
1478 1237 1858 1196
1875 1440 623 404
1656 1975 861 1434
345 1227 681 1465
599 2044 1023 1648
1776 372 606 918
444 713 1758 490
1346 72 1490 1071
879 365 583 1010
1704 659 621 604
105 1134 1887 297
1702 389 538 2159
1392 622 1311 1429
1883 972 698 320
1677 396 493 2176
785 1544 650 296
456 1873 816 1590
2142 2131 1329 348
644 620 2126 1045
1866 1804 457 1654
1126 1017 2184 251
280 1479 2135 154
2119 694 2010 1553
1780 1176 1272 1931
2046 1759 784 875
2086 1960 706 125
556 1618 1558 1439
599 2044 1023 1648
1969 1564 772 1091
235 141 1384 1390
848 855 1302 1138
550 332 792 2016
52 1295 37 245
1653 1143 1748 2026
1812 1637 1525 1120
1716 542 1365 1548
1124 1442 672 402
61 916 1807 2024
1878 1150 109 1859
780 1033 369 2140
491 186 1686 153
47 2090 1676 1206
269 1244 932 1397
1252 969 1919 1926
1694 1832 921 1921
1722 1907 1894 51
1719 2124 900 432
1559 884 1029 2042
481 1088 384 548
1688 1352 1828 692
879 365 583 1010
1304 1161 1980 801
1528 331 1389 482
1991 351 1424 979
287 1838 636 139
1407 776 742 1699
148 346 150 1156
887 243 1053 1939
307 1020 2020 1872
68 183 1936 401
96 448 2056 783
1539 704 2102 2102
1811 1855 419 729
1028 2041 708 1524
576 2052 1517 806
262 705 1154 437
2011 2146 250 1652
1905 1121 1198 1198
732 1209 1108 1678
1487 501 1533 2048
1557 424 1038 1557
119 182 1782 327
556 1618 1558 1439
1507 1835 1767 1416
483 1691 917 956
1101 652 1136 84
439 261 1830 575
844 1537 1840 1472
270 1065 1616 1645
1559 884 1029 2042
1313 1763 1225 1376
138 1021 98 1922
1001 1985 607 1169
859 850 714 324
64 173 1573 1622
265 1941 177 237
560 459 1410 19
1173 1988 2036 722
105 1134 1887 297
631 1122 200 1122
1300 216 462 214
219 605 393 1824
2156 2017 298 1765
887 243 1053 1939
1483 1189 518 1808
2093 882 1947 2141
431 881 1118 634
723 1853 1909 477
416 1251 1810 90
678 773 1137 100
529 209 1762 29
1335 1870 799 1586
234 1450 473 1660
2165 553 2117 943
2019 1898 567 1979
797 1556 1724 1386
720 335 655 1747
1259 523 1836 318
981 1596 240 1401
360 2154 1058 1163
1112 1522 1216 737
1460 1258 4 1545
1278 1630 53 248
896 1755 1319 1752
554 1403 442 998
2120 1443 716 1499
1587 1459 937 695
2022 2009 353 156
550 332 792 2016
907 849 1233 955
1285 306 1876 903
585 1497 1451 1679
2075 352 2148 940
120 223 521 1920
1131 278 86 1940
491 186 1686 1686
2019 1898 567 1979
1240 1338 417 851
1653 1143 1748 2026
933 1608 22 467
1028 2041 708 1524
2172 1415 118 995
1799 1600 18 2030
2160 1164 39 629
1937 1841 1948 263
190 292 163 612
2046 1759 784 875
563 1382 757 1535
837 101 1508 524
1381 1325 1561 1032
981 1596 240 1401
1780 1176 1272 1931
47 2090 1676 1206
1611 1473 1797 715
148 346 150 1156
753 1718 2111 1333
768 1852 1779 1879
2055 1183 632 1281
1228 688 609 820
1203 1341 574 137
88 1670 1902 945
1633 1061 2001 271
468 578 189 426
520 70 1550 1978
478 682 1662 1192
2072 344 1037 1787
1555 498 1869 701
280 1479 2135 154
1482 740 592 1788
105 1134 1887 297
879 365 583 1010
1769 1051 1796 309
267 787 1448 966
1167 1000 1019 1966
1803 1182 1851 2128
423 1740 1056 795
2089 2032 1200 77
1002 2101 347 1554
488 823 1270 26
764 1744 1672 810
1166 166 1997 1977
919 528 846 1031
1004 1005 41 833
496 1874 1901 291
2174 891 913 142
990 92 1952 1995
1173 1988 2036 722
2158 1924 870 2144
120 223 521 1920
468 578 189 426
414 762 2061 334
512 207 794 721
1714 894 1562 1371
2171 1398 1212 1271
144 206 1962 446
1126 1017 2184 251
405 1680 909 1598
107 1461 226 2182
1408 359 1831 1865
1255 184 274 215
1223 325 218 104
1231 902 58 1766
601 9 1079 1361
1030 1690 326 1697
1566 117 885 1860
2045 1501 1454 128
345 1227 681 1465
599 2044 1023 1648
901 1385 76 1318
1396 453 113 1344
1353 465 497 260
1140 103 1025 2040
525 1496 1731 1190
405 1680 909 1598
1723 129 580 67
562 1207 275 474
506 428 577 895
476 1279 20 1170
1760 337 63 28
441 1204 559 1368
1135 460 1585 1625
2071 1908 1932 371
990 92 1952 1995
1992 1695 1418 1992
1574 724 1928 1743
1455 1265 1521 1268
1883 972 698 320
451 947 546 1007
284 1420 213 1757
1957 338 1064 1462
896 1755 1319 1752
400 2105 412 1981
970 124 504 1889
219 605 393 1824
1511 1197 687 1984
2085 845 2098 135
525 1496 1731 1190
527 157 1730 1103
647 1238 2021 1549
905 1972 55 486
1675 1737 1661 1518
1488 1665 1089 364
193 1444 996 1968
64 173 1573 1622
1971 1128 788 1552
1906 593 1310 630
941 1084 1644 2057
288 1577 1594 1628
1166 166 1997 1977
1315 1292 367 759
1821 11 1146 635
405 1680 909 1598
342 927 1222 1712
1331 279 1814 1441
702 1309 93 2099
144 206 1962 446
1278 1630 53 248
488 823 1270 1270
616 1629 2013 1839
1805 361 1868 1693
1735 980 185 1965
1145 283 646 1123
1177 572 1584 1205
1126 1017 2184 251
197 569 1880 167
1346 72 1490 1071
1578 707 1958 2068
651 962 502 2104
88 1670 1902 945
2075 352 2148 940
308 1373 958 387
1714 894 1562 1371
1519 1856 1147 1147
733 230 1576 1178
96 448 2056 783
414 762 2061 334
1343 395 273 1643
159 1165 814 978
1591 464 1132 749
259 2123 1610 1666
1231 902 58 1766
388 1063 1086 1235
1957 338 1064 1462
808 516 813 755
1254 530 812 664
614 1834 1073 421
1669 1733 50 1328
819 1871 1044 108
1435 212 1526 1973
1570 289 977 289
1790 964 354 201
1214 1249 1283 1532
492 1296 928 920
1313 1763 1225 1376
1655 1809 1929 6
1955 1597 1531 1635
1124 1442 672 402
1866 1804 457 1654
818 433 363 1336
1229 717 2003 763
164 1848 1049 2002
126 1732 266 815
1850 936 123 1592
489 1667 1727 78
1783 545 276 1530
556 1618 1558 1439
447 1201 1754 736
1710 1749 840 35
726 926 1218 971
2134 83 1428 1778
342 927 1222 1712
1949 942 2054 2058
288 1577 1594 1628
1483 1189 518 1808
1246 1294 1846 1588
68 183 1936 401
1288 618 1772 1093
573 97 1417 1580
2066 1613 71 174
1046 2121 935 469
1095 472 79 2125
1875 1440 623 404
1591 464 1132 749
254 1896 1970 515
642 1366 811 1601
304 394 1967 211
1188 1725 362 2079
281 1289 756 46
235 141 1384 1390
1266 315 1094 370
2011 2146 250 1652
862 94 804 2112
2174 891 913 142
80 1374 1935 745
533 1174 1636 1239
1742 1857 2070 1171
155 952 2183 1806
946 766 728 1912
202 2133 2067 1299
2055 1183 632 1281
534 390 17 1039
1719 2124 900 432
2011 2146 250 1652
1030 1690 326 1697
1539 704 2102 454
204 43 85 178
735 2069 1884 1347
416 1251 1810 90
2094 40 594 505
753 1718 2111 1333
2074 82 1542 712
339 1614 1640 1609
2156 2017 298 1765
1307 1996 2149 999
1800 829 1250 1148
2134 83 1428 1778
1569 663 1990 602
2022 2009 353 156
1095 472 79 2125
1280 1202 886 866
1076 382 1236 1006
1713 689 1456 143
527 157 1730 1103
1057 1520 543 1057
1816 33 1612 264
308 1373 958 387
1722 1907 1894 51
1331 279 1814 1441
533 1174 1636 1239
441 1204 559 1368
2093 882 1947 2141
2015 2163 130 1481
1651 1275 1087 731
930 257 1024 2179
1742 1857 2070 1171
848 855 1302 1138
834 2018 2087 1036
193 1444 996 1968
1615 1792 1729 790
2106 44 1363 700
535 1234 2138 765
1570 289 977 977
1903 1277 1370 748
398 746 1867 1217
1799 1600 18 2030
1811 1855 419 729
1483 1189 518 1808
1776 372 606 918
1188 1725 362 2079
1104 584 1040 1934
1232 914 2031 1541
1100 1221 2051 499
1157 249 434 853
75 1406 1350 1477
481 1088 384 548
631 1122 200 179
611 2122 751 992
651 962 502 2104
1482 740 592 1788
1621 2175 2004 196
416 1251 1810 90
1565 691 1130 1013
1569 663 1990 602
1511 1197 687 1984
1278 1630 53 248
416 1251 1810 90
475 511 1474 1505
2100 645 770 1998
1878 1150 109 1859
1135 460 1585 1625
785 1544 650 296
1895 1538 828 366
1231 902 58 1766
342 927 1222 1712
2065 667 1751 1657
1557 424 1038 424
24 864 1133 236
1232 914 2031 1541
1764 2082 865 1492
802 1527 466 939
69 758 1950 225
455 1951 54 1290
2062 1195 1436 809
1004 1005 41 833
1402 988 1425 1798
1741 617 1269 2161
1849 1301 1187 1355
1157 249 434 853
1905 1121 1198 1905
720 335 655 1747
550 332 792 2016
1435 212 1526 1973
1773 931 581 868
1139 1060 290 1090
1811 1855 419 729
441 1204 559 1368
1245 2155 2097 1784
1489 857 134 1072
1112 1522 1216 737
74 1647 409 1437
2081 953 452 1078
1388 1322 1034 1185
447 1201 1754 736
1753 675 805 1186
1158 181 203 626
456 1873 816 1590
564 1813 2 2073
2081 953 452 1078
286 1888 1464 440
238 2050 910 115
1177 572 1584 1205
447 1201 1754 736
1504 948 1683 965
2047 380 397 547
611 2122 751 992
286 1888 1464 440
1159 2169 677 540
60 252 42 1959
1551 1915 1470 1256
8 133 1172 357
1167 1000 1019 1966
2132 1791 102 1802
2167 1933 3 1774
1387 1354 158 1354
2093 882 1947 2141
1343 395 273 1643
1400 648 2014 217
834 2018 2087 1036
1181 778 872 513
730 1059 686 2084
1488 1665 1089 364
423 1740 1056 795
1342 112 1620 1411
1883 972 698 320
517 908 1375 379
1139 1060 290 1090
1899 994 873 684
1119 993 1080 1593
1551 1915 1470 1256
610 1663 210 1081
2085 845 2098 135
1248 591 1886 168
1682 1066 640 1243
319 21 116 1721
160 503 415 25
294 311 1467 2153
960 924 45 2091
105 1134 1887 297
800 1976 2180 835
1158 181 203 626
1480 408 1925 786
2085 845 2098 135
1677 396 493 2176
30 403 305 302
1348 1468 973 1468
1412 1098 323 333
564 1813 2 2073
732 1209 1108 1678
1082 1054 1703 1513
1388 1322 1034 1185
678 773 1137 100
1356 1502 898 32
392 2152 997 1706
1746 1673 187 172
219 605 393 1824
319 21 116 1721
841 883 1945 2136
1937 1841 1948 263
679 600 65 1701
262 705 1154 437
1408 359 1831 1865
1112 1522 1216 737
483 1691 917 956
1286 514 1067 136
649 878 247 2145
1850 936 123 1850
272 500 1194 959
1764 2082 865 1492
2066 1613 71 174
31 1581 1639 1818
483 1691 917 956
1611 1473 1797 715
957 571 293 1572
1167 1000 1019 1966
2059 1276 1709 1687
1688 1352 1828 692
1315 1292 367 759
1304 1161 1980 801
2027 1575 228 1575
819 1871 1044 108
1825 1340 479 1340
481 1088 384 548
1943 194 526 558
1282 1360 1422 1863
974 1756 429 1193
190 292 163 612
1656 1975 861 1434
869 62 127 312
1095 472 79 2125
1653 1143 1748 2026
1261 1208 832 1241
1107 557 2005 23
1726 1904 1151 1129
1145 283 646 1123
349 711 1993 1877
1812 1637 1525 1120
368 258 1445 2053
1388 1322 1034 1185
262 705 1154 437
520 70 1550 1978
2178 450 1698 1110
1001 1985 607 1169
272 500 1194 959
830 350 303 188
64 173 1573 1622
1298 807 385 1432
1210 1042 880 1881
1261 1208 832 1241
2106 44 1363 700
919 528 846 1031
74 1647 409 1437
1102 2008 376 1717
560 459 1410 19
2066 1613 71 174
1790 964 354 201
836 1954 485 485
1702 389 538 2159
1742 1857 2070 1171
730 1059 686 2084
982 871 1862 1862
475 511 1474 1505
110 1844 613 1650
1510 1114 983 1823
796 1560 734 1378
1387 1354 158 1387
2115 934 330 657
614 1834 1073 421
8 133 1172 357
1140 103 1025 2040
2011 2146 250 1652
1116 922 2139 162
140 1413 1321 1546
673 310 1736 425
439 261 1830 575
1030 1690 326 1697
551 295 2034 1293
1343 395 273 1643
777 165 843 627
316 1775 1974 791
1339 1638 1015 963
2046 1759 784 875
1047 912 641 509
386 510 1476 760
1255 184 274 215
1607 541 1642 596
1213 954 1498 1927
1741 617 1269 2161
1741 617 1269 2161
495 205 57 56
1653 1143 1748 2026
1937 1841 1948 263
160 503 415 25
423 1740 1056 795
1957 338 1064 1462
1746 1673 187 172
808 516 813 755
1568 1624 2113 253
1298 807 385 1432
1274 1833 1605 2038
975 782 743 2143
1770 781 1153 1911
386 510 1476 760
1946 507 1631 507
588 2162 656 1495
1046 2121 935 469
512 207 794 721
957 571 293 1572
1893 654 1446 1547
436 233 1983 91
1228 688 609 820
164 1848 1049 2002
1899 994 873 684
255 769 27 2035
1112 1522 1216 737
863 856 314 170
1651 1275 1087 731
1708 938 1423 1423
1383 1485 1777 1016
1849 1301 1187 1355
147 1316 890 1892
444 713 1758 490
1587 1459 937 695
2089 2032 1200 77
1228 688 609 820
1342 112 1620 1411
619 1599 986 1900
1895 1538 828 366
525 1496 1731 1190
1304 1161 1980 801
219 605 393 1824
661 775 1843 2181
1009 2130 892 1475
1567 539 1579 1623
2006 195 549 1603
2055 1183 632 1281
610 1663 210 1081
2116 1327 1826 949
508 1534 1711 1351
1776 372 606 918
491 186 1686 491
2170 1230 1854 1684
1591 464 1132 749
1649 1075 1427 555
2023 1099 241 1515
1177 572 1584 1205
1595 1115 443 89
343 1543 1681 1506
151 944 1391 420
970 124 504 1889
431 881 1118 634
24 864 1133 236
399 122 7 285
1077 739 1097 1794
435 1224 2103 374
238 2050 910 115
345 1227 681 1465
1220 1180 1377 703
563 1382 757 1535
495 205 57 56
862 94 804 2112
1812 1637 1525 1120
2171 1398 1212 1271
551 295 2034 1293
601 9 1079 1361
2116 1327 1826 949
140 1413 1321 1546
1282 1360 1422 1863
439 261 1830 575
1595 1115 443 89
254 1896 1970 515
1028 2041 708 1524
662 227 300 1617
1649 1075 1427 555
1816 33 1612 264
1611 1473 1797 715
1353 465 497 260
171 860 232 1494
287 1838 636 139
919 528 846 1031
862 94 804 2112
1018 1668 1707 1199
1715 839 696 1457
138 1021 98 1922
1971 1128 788 1552
470 1144 1486 48
360 2154 1058 1163
2089 2032 1200 77
619 1599 986 1900
1158 181 203 626
1381 1325 1561 1032
642 1366 811 1601
554 1403 442 998
52 1295 37 245
1821 11 1146 635
1266 315 1094 370
2028 111 709 317
2115 934 330 657
2086 1960 706 125
649 878 247 2145
1803 1182 1851 2128
1883 972 698 320
551 295 2034 1293
1168 1781 1469 36
1735 980 185 1965
1992 1695 1418 1695
647 1238 2021 1549
197 569 1880 167
552 1008 411 915
975 782 743 2143
1395 1226 1026 1989
535 1234 2138 765
322 1604 231 519
808 516 813 755
5 422 445 615
1719 2124 900 432
1159 2169 677 540
565 747 1052 2043
269 1244 932 1397
1971 1128 788 1552
308 1373 958 387
2081 953 452 1078
1649 1075 1427 555
1893 654 1446 1547
661 775 1843 2181
1400 648 2014 217
1308 1916 1055 1956
1528 331 1389 482
647 1238 2021 1549
451 947 546 1007
2129 638 375 531
455 1951 54 1290
661 775 1843 2181
1399 49 406 12
322 1604 231 519
74 1647 409 1437
930 257 1024 2179
1866 1804 457 1654
2065 667 1751 1657
1323 1463 222 1728
456 1873 816 1590
1760 337 63 28
2075 352 2148 940
1913 1326 725 1447
75 1406 1350 1477
340 1421 1125 1458
2170 1230 1854 1684
2071 1908 1932 371
475 511 1474 1505
566 1041 2088 1027
386 510 1476 760
1317 146 1583 1035
1255 184 274 215
307 1020 2020 1872
1152 847 968 2096
244 2037 685 1700
1246 1294 1846 1588
2120 1443 716 1499
2158 1924 870 2144
658 1111 1260 2092
478 682 1662 1192
304 394 1967 211
294 311 1467 2153
1955 1597 1531 1635
2093 882 1947 2141
1320 1819 1074 1394
1574 724 1928 1743
1395 1226 1026 1989
1708 938 1423 246
651 962 502 2104
1471 2110 2012 741
683 598 1305 1334
529 209 1762 29
1259 523 1836 318
764 1744 1672 810
96 448 2056 783
1702 389 538 2159
1001 1985 607 1169
1565 691 1130 1013
671 603 438 229
259 2123 1610 1666
1735 980 185 1965
1770 781 1153 1911
1379 1113 114 1627
235 141 1384 1390
1551 1915 1470 1256
1555 498 1869 701
1780 1176 1272 1931
478 682 1662 1192
1022 727 208 301
148 346 150 1156
1402 988 1425 1798
642 1366 811 1601
1342 112 1620 1411
1280 1202 886 866
876 176 1 38
368 258 1445 2053
1514 1829 14 761
564 1813 2 2073
1266 315 1094 370
202 2133 2067 1299
2066 1613 71 174
1567 539 1579 1623
1955 1597 1531 1635
138 1021 98 1922
31 1581 1639 1818
1349 690 637 1011
2142 2131 1329 348
771 383 1801 1801
436 233 1983 91
733 230 1576 1178
1231 902 58 1766
2134 83 1428 1778
595 1175 1822 391
1348 1468 973 1348
841 883 1945 2136
1388 1322 1034 1185
2022 2009 353 156
1595 1115 443 89
495 205 57 56
671 603 438 229
905 1972 55 486
2120 1443 716 1499
1753 675 805 1186
1402 988 1425 1798
1632 1179 1303 893
970 124 504 1889
2059 1276 1709 1687
59 699 145 149
827 328 1357 175
907 849 1233 955
496 1874 1901 291
1514 1829 14 761
455 1951 54 1290
951 669 99 1500
1102 2008 376 1717
140 1413 1321 1546
1278 1630 53 248
532 1685 1109 256
719 1795 198 1491
767 1393 220 1211
1257 2000 1380 2166
797 1556 1724 1386
1821 11 1146 635
1402 988 1425 1798
1906 593 1310 630
1177 572 1584 1205
88 1670 1902 945
1452 1720 221 1885
171 860 232 1494
1991 351 1424 979
1452 1720 221 1885
1396 453 113 1344
1557 424 1038 1038
876 176 1 38
658 1111 1260 2092
1248 591 1886 168
1362 2049 680 1362
254 1896 1970 515
522 544 1449 1696
534 390 17 1039
1994 608 1619 1923
307 1020 2020 1872
1551 1915 1470 1256
1574 724 1928 1743
2108 1671 2118 1160
1514 1829 14 761
506 428 577 895
1412 1098 323 333
431 881 1118 634
735 2069 1884 1347
1353 465 497 260
2094 40 594 505
61 916 1807 2024
1905 1121 1198 668
339 1614 1640 1609
2160 1164 39 629
827 328 1357 175
87 1127 1314 1184
483 1691 917 956
589 1658 967 1096
1621 2175 2004 196
378 991 494 1085
1694 1832 921 1921
1471 2110 2012 741
2081 953 452 1078
294 311 1467 2153
75 1406 1350 1477
414 762 2061 334
1722 1907 1894 51
1047 912 641 509
508 1534 1711 1351
1655 1809 1929 6
990 92 1952 1995
1723 129 580 67
1567 539 1579 1623
771 383 1801 771
1395 1226 1026 1989
339 1614 1640 1609
1682 1066 640 1243
1383 1485 1777 1016
30 403 305 302
800 1976 2180 835
1220 1180 1377 703
1861 2076 570 597
1708 938 1423 938
1003 180 1536 191
342 927 1222 1712
863 856 314 170
573 97 1417 1580
1107 557 2005 23
693 984 1405 2168
1012 911 1571 1582
476 1279 20 1170
1540 1963 665 1540
1487 501 1533 2048
204 43 85 178
414 762 2061 334
1100 1221 2051 499
785 1544 650 296
616 1629 2013 1839
1753 675 805 1186
1298 807 385 1432
1539 704 2102 704
1555 498 1869 701
1516 1891 639 73
923 1745 1563 923
1716 542 1365 1548
340 1421 1125 1458
435 1224 2103 374
281 1289 756 46
836 1954 485 836
1957 338 1064 1462
471 1768 1466 1267
1300 216 462 214
1254 530 812 664
1559 884 1029 2042
1664 1739 1242 1897
1471 2110 2012 741
1480 408 1925 786
802 1527 466 939
836 1954 485 1291
589 1658 967 1096
2108 1671 2118 1160
2171 1398 1212 1271
1519 1856 1147 1519
492 1296 928 920
24 864 1133 236
1131 278 86 1940
1511 1197 687 1984
106 1438 874 1142
1780 1176 1272 1931
329 697 789 1419
534 390 17 1039
960 924 45 2091
1611 1473 1797 715
2178 450 1698 1110
946 766 728 1912
678 773 1137 100
771 383 1801 2109
1955 1597 1531 1635
1188 1725 362 2079
2028 111 709 317
767 1393 220 1211
863 856 314 170
753 1718 2111 1333
1274 1833 1605 1274
1105 1845 121 1043
30 403 305 302
1104 584 1040 1934
1664 1739 1242 1897
1708 938 1423 1708
576 2052 1517 806
1105 1845 121 1043
1656 1975 861 1434
1723 129 580 67
1280 1202 886 866
1220 1180 1377 703
436 233 1983 91
1716 542 1365 1548
2059 1276 1709 1687
876 176 1 38
899 2151 888 643
1675 1737 1661 1518
796 1560 734 1378
1116 922 2139 162
2046 1759 784 875
1431 2025 950 1771
614 1834 1073 421
471 1768 1466 1267
533 1174 1636 1239
579 1761 1509 66
106 1438 874 1142
47 2090 1676 1206
1516 1891 639 73
1018 1668 1707 1199
1861 2076 570 597
989 1674 1083 1253
777 165 843 627
313 2137 825 798
2072 344 1037 1787
1392 622 1311 1429
1570 289 977 373
1409 95 1982 1367
552 1008 411 915
2108 1671 2118 1160
1825 1340 479 479
110 1844 613 1650
1116 922 2139 162
989 1674 1083 1253
563 1382 757 1535
282 1337 666 413
1723 129 580 67
2065 667 1751 1657
1726 1904 1151 1129
1621 2175 2004 196
1284 2078 1961 624
2047 380 397 547
418 192 2080 1914
1565 691 1130 1013
1359 1297 2150 10
1400 648 2014 217
837 101 1508 524
562 1207 275 474
1540 1963 665 586
197 569 1880 167
726 926 1218 971
316 1775 1974 791
1092 929 561 1372
941 1084 1644 2057
573 97 1417 1580
2106 44 1363 700
2019 1898 567 1979
1407 776 742 1699
1002 2101 347 1554
1264 568 1910 676
1455 1265 1521 1268
2177 536 838 449
1452 1720 221 1885
388 1063 1086 1235
1435 212 1526 1973
552 1008 411 915
819 1871 1044 108
1257 2000 1380 2166
15 1414 1426 1789
343 1543 1681 1506
1003 180 1536 191
2119 694 2010 1553
733 230 1576 1178
1991 351 1424 979
1890 1820 1930 1785
836 1954 485 1954
1317 146 1583 1035
719 1795 198 1491
80 1374 1935 745
1245 2155 2097 1784
1710 1749 840 35
887 243 1053 1939
160 503 415 25
2156 2017 298 1765
471 1768 1466 1267
671 603 438 229
1589 2060 1523 461
1615 1792 1729 790
336 2029 1433 1942
2174 891 913 142
529 209 1762 29
1803 1182 1851 2128
1274 1833 1605 1833
1528 331 1389 482
859 850 714 324
662 227 300 1617
238 2050 910 115
435 1224 2103 374
1949 942 2054 2058
60 252 42 1959
476 1279 20 1170
1504 948 1683 965
1166 166 1997 1977
1259 523 1836 318
1002 2101 347 1554
368 258 1445 2053
726 926 1218 971
1145 283 646 1123
2177 536 838 449
1480 408 1925 786
1082 1054 1703 1513
1261 1208 832 1241
887 243 1053 1939
628 817 34 242
313 2137 825 798
720 335 655 1747
1769 1051 1796 309
2115 934 330 657
259 2123 1610 1666
764 1744 1672 810
2116 1327 1826 949
1307 1996 2149 999
1715 839 696 1457
400 2105 412 1981
1482 740 592 1788
1453 633 299 1815
2129 638 375 531
491 186 1686 186
1452 1720 221 1885
1266 315 1094 370
1252 969 1919 1926
164 1848 1049 2002
1168 1781 1469 36
418 192 2080 1914
481 1088 384 548
576 2052 1517 806
1004 1005 41 833
1240 1338 417 851
16 1938 826 925
1514 1829 14 761
859 850 714 324
1300 216 462 214
753 1718 2111 1333
1213 954 1498 1927
1245 2155 2097 1784
69 758 1950 225
1124 1442 672 402
488 823 1270 488
841 883 1945 2136
1783 545 276 1530
628 817 34 242
193 1444 996 1968
1257 2000 1380 2166
1861 2076 570 597
941 1084 1644 2057
1131 278 86 1940
905 1972 55 486
234 1450 473 1660
719 1795 198 1491
535 1234 2138 765
1669 1733 50 1328
1607 541 1642 596
1313 1763 1225 1376
1104 584 1040 1934
444 713 1758 490
837 101 1508 524
1899 994 873 684
1188 1725 362 2079
863 856 314 170
960 924 45 2091
1850 936 123 123
1816 33 1612 264
808 516 813 755
1119 993 1080 1593
585 1497 1451 1679
1734 1646 487 1332
144 206 1962 446
982 871 1862 982
1746 1673 187 172
520 70 1550 1978
537 1602 2064 1247
1288 618 1772 1093
1578 707 1958 2068
304 394 1967 211
407 1306 463 774
1229 717 2003 763
585 1497 1451 1679
2072 344 1037 1787
1014 2007 1999 1917
1746 1673 187 172
1383 1485 1777 1016
478 682 1662 1192
269 1244 932 1397
1100 1221 2051 499
819 1871 1044 108
827 328 1357 175
1252 969 1919 1926
1878 1150 109 1859
1719 2124 900 432
2027 1575 228 674
551 295 2034 1293
407 1306 463 774
2086 1960 706 125
796 1560 734 1378
16 1938 826 925
1356 1502 898 32
1140 103 1025 2040
587 1191 1512 2157
1511 1197 687 1984
907 849 1233 955
2172 1415 118 995
1335 1870 799 1586
1362 2049 680 680
2015 2163 130 1481
120 223 521 1920
1688 1352 1828 692
1634 1162 1345 1827
480 793 1842 842
1710 1749 840 35
1330 625 1987 1493
582 1117 1786 1484
1634 1162 1345 1827
1903 1277 1370 748
151 944 1391 420
702 1309 93 2099
837 101 1508 524
1223 325 218 104
1516 1891 639 73
987 484 750 738
537 1602 2064 1247
585 1497 1451 1679
1734 1646 487 1332
269 1244 932 1397
1431 2025 950 1771
2028 111 709 317
407 1306 463 774
901 1385 76 1318
1994 608 1619 1923
631 1122 200 200
294 311 1467 2153
2023 1099 241 1515
340 1421 1125 1458
16 1938 826 925
2120 1443 716 1499
1168 1781 1469 36
1298 807 385 1432
1014 2007 1999 1917
1634 1162 1345 1827
444 713 1758 490
120 223 521 1920
923 1745 1563 710
1282 1360 1422 1863
151 944 1391 420
1487 501 1533 2048
1359 1297 2150 10
512 207 794 721
563 1382 757 1535
2045 1501 1454 128
254 1896 1970 515
152 2107 1738 2164
1308 1916 1055 1956
780 1033 369 2140
427 358 13 131
2047 380 397 547
1805 361 1868 1693
919 528 846 1031
1077 739 1097 1794
1407 776 742 1699
1453 633 299 1815
96 448 2056 783
601 9 1079 1361
1632 1179 1303 893
662 227 300 1617
480 793 1842 842
119 182 1782 327
1770 781 1153 1911
693 984 1405 2168
869 62 127 312
1913 1326 725 1447
1569 663 1990 602
1529 590 1953 831
140 1413 1321 1546
1453 633 299 1815
1022 727 208 301
1101 652 1136 84
642 1366 811 1601
1002 2101 347 1554
1356 1502 898 32
628 817 34 242
970 124 504 1889
1261 1208 832 1241
595 1175 1822 391
554 1403 442 998
1507 1835 1767 1416
522 544 1449 1696
1254 530 812 664
1248 591 1886 168
255 769 27 2035
262 705 1154 437
24 864 1133 236
985 1864 867 321
1286 514 1067 136
1392 622 1311 1429
2019 1898 567 1979
255 769 27 2035
52 1295 37 245
533 1174 1636 1239
159 1165 814 978
1714 894 1562 1371
1285 306 1876 903
2116 1327 1826 949
405 1680 909 1598
2065 667 1751 1657
1339 1638 1015 963
1770 781 1153 1911
1825 1340 479 1825
522 544 1449 1696
1773 931 581 868
1300 216 462 214
31 1581 1639 1818
388 1063 1086 1235
960 924 45 2091
1435 212 1526 1973
1131 278 86 1940
470 1144 1486 48
204 43 85 178
1677 396 493 2176
1264 568 1910 676
670 1062 858 1263
976 81 877 2039
267 787 1448 966
1104 584 1040 1934
683 598 1305 1334
322 1604 231 519
119 182 1782 327
1003 180 1536 191
1903 1277 1370 748
360 2154 1058 1163
1259 523 1836 318
2100 645 770 1998
693 984 1405 2168
1487 501 1533 2048
1510 1114 983 1823
1346 72 1490 1071
1453 633 299 1815
1070 356 1659 410
1632 1179 1303 893
1776 372 606 918
1396 453 113 1344
1152 847 968 2096
1288 618 1772 1093
1569 663 1990 602
1850 936 123 936
1529 590 1953 831
288 1577 1594 1628
1308 1916 1055 1956
1773 931 581 868
830 350 303 188
1805 361 1868 1693
800 1976 2180 835
651 962 502 2104
235 141 1384 1390
800 1976 2180 835
1702 389 538 2159
1409 95 1982 1367
556 1618 1558 1439
834 2018 2087 1036
277 2083 1626 1404
1769 1051 1796 309
1460 1258 4 1545
771 383 1801 383
60 252 42 1959
1050 1312 1219 169
1348 1468 973 1358
313 2137 825 798
1991 351 1424 979
2006 195 549 1603
930 257 1024 2179
1726 1904 1151 1129
1353 465 497 260
1167 1000 1019 1966
2063 744 1847 1986
398 746 1867 1217
1408 359 1831 1865
1274 1833 1605 1605
282 1337 666 413
1076 382 1236 1006
658 1111 1260 2092
1317 146 1583 1035
2077 852 897 1106
1240 1338 417 851
59 699 145 149
1882 1503 1918 906
1803 1182 1851 2128
147 1316 890 1892
2174 891 913 142
989 1674 1083 1253
1210 1042 880 1881
754 377 1287 2173
1903 1277 1370 748
1664 1739 1242 1897
862 94 804 2112
1949 942 2054 2058
2006 195 549 1603
1710 1749 840 35
1116 922 2139 162
587 1191 1512 2157
455 1951 54 1290
1057 1520 543 543
754 377 1287 2173
1320 1819 1074 1394
780 1033 369 2140
985 1864 867 321
349 711 1993 1877
679 600 65 1701
529 209 1762 29
427 358 13 131
951 669 99 1500
1875 1440 623 404
1168 1781 1469 36
768 1852 1779 1879
1540 1963 665 665
1455 1265 1521 1268
1330 625 1987 1493
329 697 789 1419
1014 2007 1999 1917
1220 1180 1377 703
1882 1503 1918 906
451 947 546 1007
2158 1924 870 2144
2115 934 330 657
107 1461 226 2182
1539 704 2102 1539
1107 557 2005 23
340 1421 1125 1458
1254 530 812 664
1307 1996 2149 999
280 1479 2135 154
579 1761 1509 66
1286 514 1067 136
1362 2049 680 2049
345 1227 681 1465
313 2137 825 798
797 1556 1724 1386
1519 1856 1147 161
284 1420 213 1757
901 1385 76 1318
1245 2155 2097 1784
1705 1430 1155 822
1811 1855 419 729
1331 279 1814 1441
2045 1501 1454 128
619 1599 986 1900
827 328 1357 175
155 952 2183 1806
1009 2130 892 1475
1471 2110 2012 741
2027 1575 228 2027
1320 1819 1074 1394
1076 382 1236 1006
68 183 1936 401
595 1175 1822 391
1875 1440 623 404
2129 638 375 531
1152 847 968 2096
671 603 438 229
1399 49 406 12
1119 993 1080 1593
468 578 189 426
1387 1354 158 158
2108 1671 2118 1160
8 133 1172 357
579 1761 1509 66
780 1033 369 2140
202 2133 2067 1299
985 1864 867 321
1313 1763 1225 1376
1100 1221 2051 499
1895 1538 828 366
1946 507 1631 803
1878 1150 109 1859
270 1065 1616 1645
562 1207 275 474
1412 1098 323 333
489 1667 1727 78
1399 49 406 12
1076 382 1236 1006
1633 1061 2001 271
1342 112 1620 1411
1082 1054 1703 1513
1790 964 354 201
281 1289 756 46
1264 568 1910 676
496 1874 1901 291
565 747 1052 2043
2119 694 2010 1553
560 459 1410 19
1882 1503 1918 906
400 2105 412 1981
1682 1066 640 1243
941 1084 1644 2057
976 81 877 2039
69 758 1950 225
723 1853 1909 477
1632 1179 1303 893
1203 1341 574 137
1343 395 273 1643
1140 103 1025 2040
270 1065 1616 1645
869 62 127 312
534 390 17 1039
322 1604 231 519
1735 980 185 1965
990 92 1952 1995
976 81 877 2039
268 355 1069 1944
68 183 1936 401
88 1670 1902 945
930 257 1024 2179
1095 472 79 2125
573 97 1417 1580
1478 1237 1858 1196
719 1795 198 1491
508 1534 1711 1351
1568 1624 2113 253
1082 1054 1703 1513
1102 2008 376 1717
2165 553 2117 943
1286 514 1067 136
588 2162 656 1495
1223 325 218 104
2167 1933 3 1774
1615 1792 1729 790
1102 2008 376 1717
368 258 1445 2053
1288 618 1772 1093
427 358 13 131
1882 1503 1918 906
658 1111 1260 2092
268 355 1069 1944
2063 744 1847 1986
2089 2032 1200 77
946 766 728 1912
660 1324 821 718
1705 1430 1155 822
1764 2082 865 1492
610 1663 210 1081
5 422 445 615
1606 779 341 2095
1284 2078 1961 624
981 1596 240 1401
399 122 7 285
1139 1060 290 1090
631 1122 200 631
517 908 1375 379
1705 1430 1155 822
974 1756 429 1193
2074 82 1542 712
61 916 1807 2024
673 310 1736 425
1004 1005 41 833
1905 1121 1198 1121
16 1938 826 925
508 1534 1711 1351
343 1543 1681 1506
1229 717 2003 763
1369 224 239 1817
818 433 363 1336
506 428 577 895
1969 1564 772 1091
488 823 1270 823
1906 593 1310 630
1510 1114 983 1823
386 510 1476 760
1964 1262 381 653
316 1775 1974 791
1816 33 1612 264
723 1853 1909 477
535 1234 2138 765
732 1209 1108 1678
418 192 2080 1914
398 746 1867 1217
2047 380 397 547
1157 249 434 853
566 1041 2088 1027
234 1450 473 1660
1203 1341 574 137
75 1406 1350 1477
889 1273 2033 1689
106 1438 874 1142
644 620 2126 1045
259 2123 1610 1666
1255 184 274 215
155 952 2183 1806
476 1279 20 1170
1246 1294 1846 1588
436 233 1983 91
144 206 1962 446
110 1844 613 1650
1392 622 1311 1429
489 1667 1727 78
1223 325 218 104
673 310 1736 425
1047 912 641 509
566 1041 2088 1027
527 157 1730 1103
1568 1624 2113 253
767 1393 220 1211
2023 1099 241 1515
1009 2130 892 1475
2134 83 1428 1778
987 484 750 738
1381 1325 1561 1032
2172 1415 118 995
1568 1624 2113 253
470 1144 1486 48
2147 1750 961 2127
1669 1733 50 1328
152 2107 1738 2164
80 1374 1935 745
901 1385 76 1318
1675 1737 1661 1518
336 2029 1433 1942
1799 1600 18 2030
1050 1312 1219 169
1849 1301 1187 1355
1203 1341 574 137
1946 507 1631 1631
905 1972 55 486
2147 1750 961 2127
1715 839 696 1457
679 600 65 1701
1726 1904 1151 1129
1308 1916 1055 1956
1578 707 1958 2068
126 1732 266 815
1284 2078 1961 624
587 1191 1512 2157
841 883 1945 2136
1379 1113 114 1627
1248 591 1886 168
2160 1164 39 629
1713 689 1456 143
1246 1294 1846 1588
159 1165 814 978
1362 2049 680 1837
730 1059 686 2084
1893 654 1446 1547
164 1848 1049 2002
1899 994 873 684
2055 1183 632 1281
512 207 794 721
2177 536 838 449
834 2018 2087 1036
933 1608 22 467
859 850 714 324
1519 1856 1147 1856
392 2152 997 1706
138 1021 98 1922
1482 740 592 1788
1092 929 561 1372
974 1756 429 1193
1574 724 1928 1743
848 855 1302 1138
1282 1360 1422 1863
974 1756 429 1193
522 544 1449 1696
1252 969 1919 1926
1800 829 1250 1148
1565 691 1130 1013
155 952 2183 1806
907 849 1233 955
1805 361 1868 1693
582 1117 1786 1484
378 991 494 1085
1229 717 2003 763
281 1289 756 46
1152 847 968 2096
268 355 1069 1944
147 1316 890 1892
768 1852 1779 1879
1783 545 276 1530
1943 194 526 558
468 578 189 426
1158 181 203 626
506 428 577 895
683 598 1305 1334
1478 1237 1858 1196
1812 1637 1525 1120
60 252 42 1959
1431 2025 950 1771
1591 464 1132 749
1489 857 134 1072
818 433 363 1336
1849 1301 1187 1355
1228 688 609 820
1379 1113 114 1627
1022 727 208 301
272 500 1194 959
1821 11 1146 635
517 908 1375 379
1173 1988 2036 722
2015 2163 130 1481
74 1647 409 1437
59 699 145 149
1489 857 134 1072
1655 1809 1929 6
527 157 1730 1103
1607 541 1642 596
1124 1442 672 402
2142 2131 1329 348
64 173 1573 1622
889 1273 2033 1689
492 1296 928 920
1070 356 1659 410
1913 1326 725 1447
1057 1520 543 458
80 1374 1935 745
204 43 85 178
611 2122 751 992
1734 1646 487 1332
1387 1354 158 1793
1315 1292 367 759
1107 557 2005 23
190 292 163 612
1913 1326 725 1447
1669 1733 50 1328
726 926 1218 971
1304 1161 1980 801
1030 1690 326 1697
480 793 1842 842
1677 396 493 2176
287 1838 636 139
525 1496 1731 1190
830 350 303 188
1320 1819 1074 1394
896 1755 1319 1752
160 503 415 25
1012 911 1571 1582
754 377 1287 2173
378 991 494 1085
282 1337 666 413
1589 2060 1523 461
1139 1060 290 1090
1232 914 2031 1541
2022 2009 353 156
649 878 247 2145
1651 1275 1087 731
517 908 1375 379
1012 911 1571 1582
1742 1857 2070 1171
2167 1933 3 1774
1488 1665 1089 364
152 2107 1738 2164
830 350 303 188
1943 194 526 558
1047 912 641 509
589 1658 967 1096
2085 845 2098 135
1339 1638 1015 963
1890 1820 1930 1785
2170 1230 1854 1684
59 699 145 149
1050 1312 1219 169
764 1744 1672 810
2167 1933 3 1774
1285 306 1876 903
2071 1908 1932 371
1396 453 113 1344
1166 166 1997 1977
336 2029 1433 1942
1070 356 1659 410
190 292 163 612
767 1393 220 1211
2063 744 1847 1986
614 1834 1073 421
2075 352 2148 940
595 1175 1822 391
876 176 1 38
777 165 843 627
735 2069 1884 1347
319 21 116 1721
987 484 750 738
1101 652 1136 84
550 332 792 2016
52 1295 37 245
957 571 293 1572
1157 249 434 853
1331 279 1814 1441
15 1414 1426 1789
349 711 1993 1877
975 782 743 2143
