1896
8
1396 979 26 470 79 1268 652 831
1636 1778 547 391 1452 1215 278 1283 877 1327
CBACAAADCDACBCACABBACADCAADADCCCCCBCADCACBDCBADCDBCCDAACBCCBBABBBDCDBDDBCBADDBCAACCBCBACCBBDCBCDCDCBCBACDCBCACCBCDDAABBBBDDABDACADABBDDBCABDDBADCBDDBAAAAADADCCCADDBBDBDDCABACBDAADBBADCACDADABDADCBABCCBDADCCDBAADABCBACBDBDCCBDDCCBDDADCBBBDDBABBCDBDAAAADAACBDBABDAAAAACCDBDDDDDDDBADBCAAAAAADADBCABDACCAAACCBCDCDCABBACBACBCBBC
1390 938 1598 347
1796 845 386 412
1256 815 1235 746
1222 5 218 782
84 363 118 363
684 1768 1489 620
65 1795 1032 1032
1664 1383 60 1597
752 1896 409 409
1431 390 773 235
795 346 1534 1268
464 1122 1777 629
1313 1751 170 1147
337 556 469 1214
74 68 528 1541
1296 532 794 1194
1796 845 386 412
674 666 158 467
1520 585 1261 147
843 479 401 125
1357 152 1836 775
1322 1022 612 1144
684 1768 1489 620
1661 864 1888 522
1770 987 974 1630
772 463 439 295
342 1344 1669 1190
541 1785 1822 282
1740 1626 1683 672
1256 815 1235 746
823 1109 975 92
964 126 797 513
1531 813 73 545
1506 18 801 1345
269 961 1182 757
495 42 433 963
1324 784 1693 1128
66 806 1672 1578
457 1871 445 575
1359 1803 1676 1310
458 675 1141 28
1474 1824 19 244
1008 1673 1499 1737
1266 789 482 656
1283 236 317 923
817 755 721 967
637 1374 388 637
206 693 700 280
591 1371 1631 303
1749 880 1171 1203
1659 814 1882 470
812 1779 882 1175
1562 900 137 1601
1221 124 1491 725
642 210 1461 1707
752 1896 409 1855
1484 1788 728 88
1008 1673 1499 1737
587 1418 1719 246
599 1337 671 130
1260 402 256 830
161 53 613 1051
448 1342 1430 336
768 1596 1447 878
47 1085 564 47
1434 820 7 1434
1104 686 1140 1111
1119 254 1665 150
121 8 643 991
1501 1477 733 979
1540 1872 1205 743
427 1472 315 1580
312 1286 1797 208
1119 254 1665 150
146 1019 1713 1403
510 1036 252 1135
1527 314 1754 474
933 396 306 762
266 197 144 251
1446 951 422 242
1492 1775 80 1143
986 1115 1004 81
650 136 173 418
1258 70 1304 1258
950 1709 1334 654
770 1478 1229 21
231 444 701 780
844 546 1706 1110
105 1329 429 698
299 515 901 1003
637 1374 388 278
1569 972 1061 1263
1125 1433 377 1647
1761 838 1459 1521
1889 668 1479 570
351 1126 1743 492
511 1518 649 860
1323 1062 1007 1722
179 908 970 1366
1228 1024 32 1612
658 255 406 115
258 1563 1747 428
1773 320 1736 989
719 584 1097 1739
947 851 1402 1462
1441 1242 1826 1076
1648 779 506 869
758 509 27 519
1516 274 141 350
1660 1560 326 1658
1089 863 1883 1298
604 632 1652 145
1568 1684 802 267
146 1019 1713 1403
1437 1046 59 886
229 592 1000 1000
473 166 498 1878
1258 70 1304 1304
1161 1893 1382 1611
1530 704 1047 559
1664 1383 60 1597
1603 1494 1151 1284
1436 1588 39 867
539 1279 832 297
1686 1023 872 1192
529 1589 1352 1164
1821 1285 83 1158
105 1329 429 698
1131 1154 1554 1343
1189 416 142 400
121 8 643 991
1513 1030 1377 1454
921 1394 589 1010
1620 1358 913 1292
1096 927 508 82
202 1124 1079 50
566 1877 1759 1759
765 1679 776 177
1633 1157 555 1537
1412 94 1280 1035
1341 454 1655 803
1780 659 379 241
510 1036 252 1135
245 1471 723 615
22 194 1579 744
1771 690 30 3
77 1016 1278 941
269 961 1182 757
305 1772 1238 44
1511 1103 594 1850
227 999 190 1512
1317 1606 790 918
667 471 1806 1488
684 1768 1489 620
1466 676 1265 1833
1466 676 1265 1833
909 1879 369 489
279 1155 1049 1057
341 606 524 1644
371 1794 1116 696
1562 900 137 1601
285 1725 1139 106
1816 1624 858 678
798 1791 397 1572
1869 1052 929 1277
109 1689 948 1522
1089 863 1883 1298
1221 124 1491 725
943 1153 1733 1515
1840 903 1805 14
1258 70 1304 547
1082 984 1039 1465
202 1124 1079 50
1483 69 835 131
383 1410 1316 1348
365 503 868 134
443 72 839 1206
1702 311 159 1331
1429 1757 1698 651
982 732 1724 1401
1287 726 382 374
221 750 1497 1426
417 25 581 356
151 1487 753 715
48 1212 1625 1752
893 892 441 1320
228 1473 99 1784
1087 1853 1197 1734
1868 572 660 480
1026 618 1297 1615
260 764 1225 380
231 444 701 780
477 1723 24 1556
1322 1022 612 1144
1090 956 200 1529
982 732 1724 1401
245 1471 723 615
1874 695 1863 1177
1464 215 9 56
525 1249 183 1682
430 1858 1677 1301
1749 880 1171 1203
722 717 1281 980
448 1342 1430 336
168 394 720 54
1167 1627 683 472
610 1762 116 747
611 949 1234 1523
37 978 1755 1020
1500 1227 745 1059
1273 156 1632 155
1001 129 1692 484
1360 1 1671 904
1540 1872 1205 743
752 1896 409 1896
154 23 475 6
1415 538 1547 1640
84 363 118 118
132 1787 1364 1416
1875 1231 1400 1735
988 981 1467 211
266 197 144 251
827 1055 1475 1526
619 870 1642 339
823 1109 975 92
1361 319 1398 504
1026 618 1297 1615
179 908 970 1366
1351 384 1071 1351
1102 766 1254 557
1880 493 265 899
1603 1494 1151 1284
1001 129 1692 484
798 1791 397 1572
1590 1490 1210 1066
891 378 189 364
765 1679 776 177
705 1204 61 1551
906 461 169 442
741 1420 1184 885
544 414 1113 1482
1419 1101 238 1847
517 262 816 669
1520 585 1261 147
514 1199 1295 1160
1168 188 1013 593
276 180 1742 196
798 1791 397 1572
827 1055 1475 1526
804 370 494 730
245 1471 723 615
1827 253 554 366
663 1810 647 219
1511 1103 594 1850
1437 1046 59 886
372 582 622 1389
729 1269 451 898
354 176 357 1666
1179 404 883 456
661 931 1262 455
1161 1893 1382 1611
1442 55 1381 778
1531 813 73 545
665 1656 343 824
301 588 595 1800
245 1471 723 615
630 1086 52 1299
395 34 1570 897
1302 1201 1282 1884
351 1126 1743 492
332 1028 488 108
822 935 884 1187
294 316 1555 358
1341 454 1655 803
1748 1714 1870 1219
982 732 1724 1401
950 1709 1334 654
408 275 1498 652
1070 224 1084 1306
1167 1627 683 472
906 461 169 442
550 1571 1691 481
383 1410 1316 1348
822 935 884 1187
1441 1242 1826 1076
1809 1609 387 1391
1064 1365 1859 1414
307 1699 1846 567
1476 1760 1042 896
722 717 1281 980
430 1858 1677 1301
1568 1684 802 267
1874 695 1863 1177
175 1077 283 308
1789 1885 237 138
909 1879 369 489
1584 1830 1843 670
403 1106 932 1718
1455 1767 36 1053
591 1371 1631 303
104 425 1054 453
260 764 1225 380
990 1208 930 1675
614 1623 324 1618
1266 789 482 656
1831 1159 1825 376
1854 1289 712 1308
383 1410 1316 1348
1090 956 200 1529
1821 1285 83 1158
341 606 524 1644
611 949 1234 1523
332 1028 488 108
462 1060 304 925
1510 1561 468 1678
175 1077 283 308
891 378 189 364
1495 1565 1591 1092
598 111 1120 167
1485 769 702 1009
1064 1365 1859 1414
865 465 421 1886
667 471 1806 1488
711 527 1150 562
225 1566 1245 31
540 1037 330 330
209 563 1095 1207
772 463 439 295
268 736 973 840
1222 5 218 218
1241 302 1680 191
758 509 27 519
1091 1068 939 1068
1807 574 1848 331
477 1723 24 1556
1449 329 855 1890
1130 985 788 216
1407 1613 1786 1056
1384 1156 841 1386
1816 1624 858 678
264 976 687 1819
848 1350 1637 1169
1137 1849 1253 110
804 370 494 730
1424 135 1142 1646
1300 1259 1439 426
724 664 501 12
49 300 483 805
609 662 1002 273
1341 454 1655 803
800 1332 1233 800
822 935 884 1187
1173 333 1118 1118
365 503 868 134
1185 1776 1542 1378
1770 987 974 1630
365 503 868 134
175 1077 283 308
1540 1872 1205 743
228 1473 99 1784
296 157 1180 1293
182 1117 763 694
1258 70 1304 70
1868 572 660 480
1620 1358 913 1292
663 1810 647 219
685 15 1838 677
933 396 306 762
996 1539 57 1330
854 40 1616 1080
287 523 1564 321
185 1380 1641 1575
1603 1494 1151 1284
754 1250 1315 1653
1781 381 596 1781
1406 953 934 809
1309 1388 389 392
1868 572 660 480
544 414 1113 1482
661 931 1262 455
1464 215 9 215
754 1250 1315 1653
862 1839 1195 1428
431 1481 162 831
1681 1443 1048 1333
952 821 261 119
220 1628 1040 1460
408 275 1498 652
1181 648 499 499
1590 1490 1210 1066
1162 1549 328 26
1181 648 499 1604
430 1858 1677 1301
1221 124 1491 725
1506 18 801 1345
1831 1159 1825 376
271 1075 1546 313
536 1559 1744 521
1495 1565 1591 1092
1780 659 379 241
1686 1023 872 1192
372 582 622 1389
1178 1240 1663 1288
485 628 1264 958
1702 311 159 1331
1437 1046 59 886
1844 478 954 16
1748 1714 1870 1219
616 679 11 11
102 1239 1452 1574
1773 320 1736 989
952 821 261 119
1351 384 1071 1778
1451 1335 1552 1230
276 180 1742 196
1780 659 379 241
1770 987 974 1630
202 1124 1079 50
76 1174 1063 143
345 871 1667 1405
1662 605 791 928
1419 1101 238 1847
164 876 234 248
959 792 699 681
719 584 1097 1739
1587 290 203 1031
1510 1561 468 1678
354 176 357 1666
947 851 1402 1462
1409 1892 1223 1107
285 1725 1139 106
1283 236 317 923
1474 1824 19 244
994 518 1873 994
1700 1025 1710 1815
146 1019 1713 1403
1519 1887 1408 447
1807 574 1848 331
1789 1885 237 138
375 1217 749 1861
1098 1592 217 866
943 1153 1733 1515
427 1472 315 1580
1880 493 265 899
1729 1339 1226 491
403 1106 932 1718
1583 1291 1193 186
1449 329 855 1890
924 1533 420 1576
741 1420 1184 885
360 1237 1502 187
1809 1609 387 1391
719 584 1097 1739
1375 41 919 1528
969 423 706 1145
485 628 1264 958
1729 1339 1226 491
541 1785 1822 282
957 97 1325 1508
1125 1433 377 1647
943 1153 1733 1515
614 1623 324 1618
1789 1885 237 138
1355 1731 535 1270
1662 605 791 928
222 1021 486 79
279 1155 1049 1057
998 1191 1726 1005
1130 985 788 216
310 1852 1100 127
1196 340 497 163
834 1738 1829 1550
109 1689 948 1522
462 1060 304 925
684 1768 1489 620
983 148 1480 35
1661 864 1888 522
1296 532 794 1194
1686 1023 872 1192
1033 785 710 1599
281 1763 239 1432
787 243 1305 1701
591 1371 1631 303
1131 1154 1554 1343
1544 1349 1387 965
266 197 144 251
1121 1557 639 257
758 509 27 519
996 1539 57 1330
1328 1600 955 1251
1034 184 759 1243
800 1332 1233 385
301 588 595 1800
854 40 1616 1080
1474 1824 19 244
1715 344 250 853
1816 1624 858 678
109 1689 948 1522
434 1866 1067 1067
1431 390 773 235
464 1122 1777 629
1313 1751 170 1147
1620 1358 913 1292
598 111 1120 167
601 89 128 1812
1050 459 1804 1275
410 1708 583 1148
986 1115 1004 81
342 1344 1669 1190
1827 253 554 366
1423 1170 20 1373
225 1566 1245 31
529 1589 1352 1164
914 997 1453 174
1455 1767 36 1053
1530 704 1047 559
1442 55 1381 778
727 894 1272 894
342 1344 1669 1190
123 1593 890 1895
1470 1694 1814 751
1614 761 95 1276
1064 1365 1859 1414
264 976 687 1819
417 25 581 356
477 1723 24 1556
1697 213 644 1881
1119 254 1665 150
96 270 1841 1486
1525 334 1860 438
1876 1198 653 112
373 122 811 232
1798 327 748 966
576 912 507 1674
1696 846 1247 139
1470 1694 1814 751
1802 819 466 1802
87 842 1758 192
1584 1830 1843 670
1222 5 218 1222
550 1571 1691 481
1138 621 1756 1038
994 518 1873 1218
1451 1335 1552 1230
312 1286 1797 208
140 1369 691 1081
1501 1477 733 979
299 515 901 1003
1283 236 317 923
281 1763 239 1432
1328 1600 955 1251
1228 1024 32 1612
924 1533 420 1576
663 1810 647 219
1457 1765 1654 1832
1130 985 788 216
205 942 1594 810
1287 726 382 374
512 1044 325 1750
1323 1062 1007 1722
1476 1760 1042 896
1697 213 644 1881
37 978 1755 1020
637 1374 388 388
1538 1891 847 322
610 1762 116 610
1854 1289 712 1308
1368 1753 1764 117
1796 845 386 412
552 1507 100 1717
1700 1025 1710 1815
1033 785 710 1599
1152 181 558 1608
1241 302 1680 191
1729 1339 1226 491
410 1708 583 1148
1172 153 323 1440
1720 90 837 548
161 53 613 1051
1798 327 748 966
1770 987 974 1630
185 1380 1641 1575
102 1239 1452 1574
449 1188 1577 553
77 1016 1278 941
1773 320 1736 989
1168 188 1013 593
104 425 1054 453
1413 1074 1041 1766
1001 129 1692 484
990 1208 930 1675
1351 384 1071 384
1087 1853 1197 1734
212 590 786 233
104 425 1054 453
1464 215 9 9
578 718 631 1496
1089 863 1883 1298
1189 416 142 400
1274 1347 1011 962
105 1329 429 698
921 1394 589 1010
1271 1444 1808 1622
22 194 1579 744
424 1649 624 1209
264 976 687 1819
1385 738 1727 530
638 1257 399 318
294 316 1555 358
229 592 1000 229
1445 1705 353 1445
1650 617 568 740
1562 900 137 1601
711 527 1150 562
514 1199 1295 1160
795 346 1534 1268
1368 1753 1764 117
1427 796 1186 1851
1384 1156 841 1386
259 692 1112 1336
1321 1535 640 767
185 1380 1641 1575
1531 813 73 545
959 792 699 681
1463 833 1290 573
1244 502 1545 13
1700 1025 1710 1815
1544 1349 1387 965
1355 1731 535 1270
812 1779 882 1175
1720 90 837 548
22 194 1579 744
1271 1444 1808 1622
658 255 406 115
1125 1433 377 1647
1463 833 1290 573
408 275 1498 652
1495 1565 1591 1092
729 1269 451 898
920 1072 1200 505
578 718 631 1496
1500 1227 745 1059
1664 1383 60 1597
1360 1 1671 904
741 1420 1184 885
905 608 1027 703
132 1787 1364 1416
434 1866 1067 1866
1423 1170 20 1373
202 1124 1079 50
777 857 1823 361
1748 1714 1870 1219
604 632 1652 145
1136 828 1728 940
1856 1166 1015 149
787 243 1305 1701
1407 1613 1786 1056
1437 1046 59 886
544 414 1113 1482
1033 785 710 1599
969 423 706 1145
294 316 1555 358
132 1787 1364 1416
464 1122 1777 629
1137 1849 1253 110
279 1155 1049 1057
1196 340 497 163
552 1507 100 1717
1442 55 1381 778
1397 1236 1255 1493
1189 416 142 400
335 526 193 1573
1323 1062 1007 1722
279 1155 1049 1057
541 1785 1822 282
1610 1014 1643 542
74 68 528 1541
419 1017 992 1093
795 346 1534 1268
760 1078 362 850
178 1108 737 405
65 1795 1032 1088
834 1738 1829 1550
259 692 1112 1336
74 68 528 1541
565 1367 1165 1685
665 1656 343 824
114 1865 436 75
49 300 483 805
1256 815 1235 746
1412 94 1280 1035
1179 404 883 456
1167 1627 683 472
221 750 1497 1426
1582 586 103 411
287 523 1564 321
1476 1760 1042 896
947 851 1402 1462
178 1108 737 405
1167 1627 683 472
1880 493 265 899
1421 1688 58 43
638 1257 399 318
512 1044 325 1750
1260 402 256 830
164 876 234 248
1519 1887 1408 447
1431 390 773 235
371 1794 1116 696
856 288 1524 1404
1697 213 644 1881
1267 625 807 636
1102 766 1254 557
161 53 613 1051
227 999 190 1512
983 148 1480 35
1799 680 944 1202
1720 90 837 548
449 1188 1577 553
1221 124 1491 725
1862 1687 1695 1695
1799 680 944 1202
514 1199 1295 1160
464 1122 1777 629
539 1279 832 297
754 1250 1315 1653
1162 1549 328 26
844 546 1706 1110
360 1237 1502 187
854 40 1616 1080
827 1055 1475 1526
2 569 17 1065
874 626 1505 977
658 255 406 115
1798 327 748 966
395 34 1570 897
1702 311 159 1331
1525 334 1860 438
781 64 1379 1069
1368 1753 1764 117
476 1450 716 1393
1869 1052 929 1277
889 655 1517 1435
1322 1022 612 1144
1792 78 368 1006
879 1837 1783 1842
229 592 1000 413
209 563 1095 1207
1781 381 596 596
988 981 1467 211
29 1340 1213 1730
616 679 11 616
227 999 190 1512
240 645 1864 450
1862 1687 1695 1687
1741 1146 1634 1741
1302 1201 1282 1884
342 1344 1669 1190
151 1487 753 715
182 1117 763 694
1889 668 1479 570
1831 1159 1825 376
221 750 1497 1426
661 931 1262 455
443 72 839 1206
205 942 1594 810
920 1072 1200 505
1586 446 1553 298
1421 1688 58 43
1357 152 1836 775
51 1548 875 1636
1789 1885 237 138
1590 1490 1210 1066
1385 738 1727 530
1317 1606 790 918
443 72 839 1206
296 157 1180 1293
642 210 1461 1707
1050 459 1804 1275
1880 493 265 899
768 1596 1447 878
84 363 118 171
1172 153 323 1440
968 709 1438 160
856 288 1524 1404
1001 129 1692 484
517 262 816 669
154 23 475 6
787 243 1305 1701
1774 120 799 516
424 1649 624 1209
178 1108 737 405
1102 766 1254 557
373 122 811 232
1300 1259 1439 426
895 1894 355 1835
529 1589 1352 1164
271 1075 1546 313
1530 704 1047 559
1681 1443 1048 1681
674 666 158 467
630 1086 52 1299
1375 41 919 1528
854 40 1616 1080
591 1371 1631 303
1434 820 7 820
1463 833 1290 573
921 1394 589 1010
793 1745 713 230
168 394 720 54
1603 1494 1151 1284
1595 1503 46 1635
312 1286 1797 208
310 1852 1100 127
879 1837 1783 1842
1442 55 1381 778
1862 1687 1695 1862
1082 984 1039 1465
222 1021 486 79
65 1795 1032 1795
1161 1893 1382 1611
338 657 1704 1353
1569 972 1061 1263
1137 1849 1253 110
114 1865 436 75
597 1468 861 641
873 633 1252 603
825 1619 688 1818
1133 398 1820 1338
372 582 622 1389
285 1725 1139 106
1584 1830 1843 670
1152 181 558 1608
1123 67 1536 945
121 8 643 991
123 1593 890 1895
299 515 901 1003
1817 881 915 937
427 1472 315 1580
395 34 1570 897
367 1018 1782 1657
231 444 701 780
1686 1023 872 1192
140 1369 691 1081
952 821 261 119
1633 1157 555 1537
865 465 421 1886
577 1045 1456 783
770 1478 1229 21
182 1117 763 694
1769 1621 1356 1721
950 1709 1334 654
804 370 494 730
1359 1803 1676 1310
268 736 973 840
307 1699 1846 567
296 157 1180 1293
419 1017 992 1093
1700 1025 1710 1815
1423 1170 20 1373
578 718 631 1496
708 500 10 887
223 731 1012 249
1614 761 95 1276
1662 605 791 928
1415 538 1547 1640
457 1871 445 575
1620 1358 913 1292
1050 459 1804 1275
1384 1156 841 1386
1424 135 1142 1646
560 1029 98 673
1271 1444 1808 1622
1244 502 1545 13
1659 814 1882 470
798 1791 397 1572
222 1021 486 79
1586 446 1553 298
1514 579 62 714
689 348 1392 1363
1746 440 1585 1469
1595 1503 46 1635
485 628 1264 958
338 657 1704 1353
476 1450 716 1393
587 1418 1719 246
1431 390 773 235
1173 333 1118 993
1856 1166 1015 149
1436 1588 39 867
1868 572 660 480
1098 1592 217 866
1098 1592 217 866
1162 1549 328 26
1185 1776 1542 1378
1867 922 1058 829
1506 18 801 1345
360 1237 1502 187
301 588 595 1800
566 1877 1759 1877
1455 1767 36 1053
1715 344 250 853
337 556 469 1214
1390 938 1598 347
638 1257 399 318
943 1153 1733 1515
1385 738 1727 530
1429 1757 1698 651
996 1539 57 1330
770 1478 1229 21
1798 327 748 966
410 1708 583 1148
1793 1790 531 1629
1483 69 835 131
1746 440 1585 1469
1802 819 466 819
1648 779 506 869
1774 120 799 516
458 675 1141 28
601 89 128 1812
1413 1074 1041 1766
1133 398 1820 1338
891 378 189 364
345 871 1667 1405
614 1623 324 1618
781 64 1379 1069
986 1115 1004 81
424 1649 624 1209
697 561 289 1581
1607 286 452 1638
969 423 706 1145
1178 1240 1663 1288
1831 1159 1825 376
793 1745 713 230
338 657 1704 1353
1874 695 1863 1177
1746 440 1585 1469
724 664 501 12
51 1548 875 875
825 1619 688 1818
1527 314 1754 474
168 394 720 54
1303 551 1073 490
760 1078 362 850
1104 686 1140 1111
1741 1146 1634 1146
1769 1621 1356 1721
1516 274 141 350
1445 1705 353 1705
1136 828 1728 940
1419 1101 238 1847
1161 1893 1382 1611
793 1745 713 230
1296 532 794 1194
1311 38 1668 1558
525 1249 183 1682
511 1518 649 860
1544 1349 1387 965
178 1108 737 405
905 608 1027 703
1302 1201 1282 1884
537 916 1567 1399
1474 1824 19 244
529 1589 1352 1164
707 437 1602 1132
209 563 1095 1207
1862 1687 1695 600
371 1794 1116 696
164 876 234 248
1429 1757 1698 651
1715 344 250 853
277 85 1395 852
395 34 1570 897
45 1372 432 549
1569 972 1061 1263
665 1656 343 824
1244 502 1545 13
1324 784 1693 1128
874 626 1505 977
1799 680 944 1202
1273 156 1632 155
2 569 17 1065
269 961 1182 757
407 1532 1813 1224
154 23 475 6
1492 1775 80 1143
45 1372 432 549
1273 156 1632 155
1485 769 702 1009
1607 286 452 1638
1664 1383 60 1597
76 1174 1063 143
1091 1068 939 771
727 894 1272 727
1082 984 1039 1465
1484 1788 728 88
1483 69 835 131
198 293 936 1834
1026 618 1297 1615
1351 384 1071 1071
1131 1154 1554 1343
294 316 1555 358
1455 1767 36 1053
1492 1775 80 1143
198 293 936 1834
933 396 306 762
836 520 1176 1376
1504 284 272 352
1421 1688 58 43
1413 1074 1041 1766
537 916 1567 1567
827 1055 1475 1526
1087 1853 1197 1734
1138 621 1756 1038
305 1772 1238 44
1527 314 1754 474
76 1174 1063 143
685 15 1838 677
1771 690 30 3
1324 784 1693 1128
266 197 144 251
1650 617 568 740
560 1029 98 673
964 126 797 513
201 1458 291 393
1427 796 1186 1851
638 1257 399 318
758 509 27 519
1323 1062 1007 1722
1134 1617 739 926
722 717 1281 980
47 1085 564 564
856 288 1524 1404
151 1487 753 715
1761 838 1459 1521
1827 253 554 366
1222 5 218 5
1321 1535 640 767
407 1532 1813 1224
1875 1231 1400 1735
818 995 1114 172
1867 922 1058 829
597 1468 861 641
225 1566 1245 31
1172 153 323 1440
587 1418 1719 246
512 1044 325 1750
756 946 1811 1811
1070 224 1084 1306
957 97 1325 1508
1562 900 137 1601
697 561 289 1581
495 42 433 963
719 584 1097 1739
873 633 1252 603
359 71 214 1314
1070 224 1084 1306
1133 398 1820 1338
1792 78 368 1006
614 1623 324 1618
277 85 1395 852
836 520 1176 1376
510 1036 252 1135
1248 1318 349 1703
1796 845 386 412
646 1326 1105 960
994 518 1873 1873
51 1548 875 1548
768 1596 1447 878
619 870 1642 339
431 1481 162 831
601 89 128 1812
1328 1600 955 1251
818 995 1114 172
332 1028 488 108
195 1127 309 1232
383 1410 1316 1348
182 1117 763 694
1749 880 1171 1203
1359 1803 1676 1310
1412 94 1280 1035
407 1532 1813 1224
204 63 1183 1417
619 870 1642 339
637 1374 388 1374
812 1779 882 1175
735 580 533 911
47 1085 564 91
223 731 1012 249
525 1249 183 1682
51 1548 875 51
1370 1149 487 1319
76 1174 1063 143
1531 813 73 545
37 978 1755 1020
986 1115 1004 81
449 1188 1577 553
1415 538 1547 1640
921 1394 589 1010
1821 1285 83 1158
705 1204 61 1551
205 942 1594 810
212 590 786 233
565 1367 1165 1685
905 608 1027 703
1178 1240 1663 1288
1220 1543 1670 1294
1702 311 159 1331
1569 972 1061 1263
140 1369 691 1081
565 1367 1165 1685
1179 404 883 456
1451 1335 1552 1230
1082 984 1039 1465
1492 1775 80 1143
287 523 1564 321
221 750 1497 1426
1091 1068 939 939
1511 1103 594 1850
1089 863 1883 1298
729 1269 451 898
1355 1731 535 1270
1104 686 1140 1111
1749 880 1171 1203
1309 1388 389 392
800 1332 1233 1332
1090 956 200 1529
968 709 1438 160
1741 1146 1634 1215
154 23 475 6
1639 1712 1732 226
1519 1887 1408 447
536 1559 1744 521
781 64 1379 1069
1827 253 554 366
825 1619 688 1818
1660 1560 326 1658
1321 1535 640 767
1441 1242 1826 1076
565 1367 1165 1685
541 1785 1822 282
1096 927 508 82
1446 951 422 242
1650 617 568 740
164 876 234 248
1354 107 917 1396
1840 903 1805 14
102 1239 1452 1574
1121 1557 639 257
1697 213 644 1881
635 93 1163 460
1287 726 382 374
1303 551 1073 490
1639 1712 1732 226
1070 224 1084 1306
367 1018 1782 1657
1457 1765 1654 1832
650 136 173 418
1406 953 934 809
914 997 1453 174
1422 534 1246 1411
772 463 439 295
1125 1433 377 1647
96 270 1841 1486
1538 1891 847 322
305 1772 1238 44
834 1738 1829 1550
1087 1853 1197 1734
577 1045 1456 783
843 479 401 125
689 348 1392 1363
667 471 1806 1488
1091 1068 939 1091
510 1036 252 1135
1595 1503 46 1635
123 1593 890 1895
1582 586 103 411
1716 292 1651 113
485 628 1264 958
909 1879 369 489
434 1866 1067 434
1302 1201 1282 1884
448 1342 1430 336
476 1450 716 1393
1509 1362 165 742
895 1894 355 1835
338 657 1704 1353
924 1533 420 1576
1780 659 379 241
848 1350 1637 1169
198 293 936 1834
560 1029 98 673
893 892 441 1320
373 122 811 232
708 500 10 887
1816 1624 858 678
735 580 533 911
604 632 1652 145
914 997 1453 174
601 89 128 1812
910 1211 849 86
760 1078 362 850
689 348 1392 1363
1260 402 256 830
889 655 1517 1435
427 1472 315 1580
37 978 1755 1020
1607 286 452 1638
959 792 699 681
646 1326 1105 960
770 1478 1229 21
206 693 700 280
1740 1626 1683 672
1130 985 788 216
1354 107 917 1396
204 63 1183 1417
1781 381 596 381
727 894 1272 391
1425 1857 415 247
971 902 496 1828
539 1279 832 297
84 363 118 84
1220 1543 1670 1294
1844 478 954 16
661 931 1262 455
1034 184 759 1243
1792 78 368 1006
964 126 797 513
1357 152 1836 775
627 571 435 859
1690 1216 1083 1312
1090 956 200 1529
1681 1443 1048 1048
1445 1705 353 353
879 1837 1783 1842
602 1099 808 133
228 1473 99 1784
1266 789 482 656
258 1563 1747 428
1716 292 1651 113
260 764 1225 380
195 1127 309 1232
151 1487 753 715
1313 1751 170 1147
823 1109 975 92
576 912 507 1674
1633 1157 555 1537
609 662 1002 273
417 25 581 356
240 645 1864 450
1311 38 1668 1558
1271 1444 1808 1622
1660 1560 326 1658
205 942 1594 810
602 1099 808 133
879 1837 1783 1842
1495 1565 1591 1092
1501 1477 733 979
1587 290 203 1031
372 582 622 1389
77 1016 1278 941
969 423 706 1145
277 85 1395 852
1544 1349 1387 965
1610 1014 1643 542
787 243 1305 1701
1463 833 1290 573
1300 1259 1439 426
360 1237 1502 187
1696 846 1247 139
1043 826 1605 1448
1162 1549 328 26
1466 676 1265 1833
537 916 1567 537
957 97 1325 1508
1889 668 1479 570
697 561 289 1581
1527 314 1754 474
1584 1830 1843 670
1761 838 1459 1521
1799 680 944 1202
910 1211 849 86
891 378 189 364
635 93 1163 460
650 136 173 418
611 949 1234 1523
754 1250 1315 1653
1716 292 1651 113
1267 625 807 636
1152 181 558 1608
893 892 441 1320
1793 1790 531 1629
909 1879 369 489
971 902 496 1828
914 997 1453 174
373 122 811 232
1427 796 1186 1851
223 731 1012 249
812 1779 882 1175
1587 290 203 1031
1409 1892 1223 1107
910 1211 849 86
1328 1600 955 1251
1501 1477 733 979
517 262 816 669
619 870 1642 339
734 1346 634 101
1267 625 807 636
1181 648 499 1181
907 607 774 1845
66 806 1672 1578
204 63 1183 1417
1840 903 1805 14
1540 1872 1205 743
240 645 1864 450
862 1839 1195 1428
1774 120 799 516
609 662 1002 273
1121 1557 639 257
1098 1592 217 866
920 1072 1200 505
1650 617 568 740
836 520 1176 1376
968 709 1438 160
511 1518 649 860
905 608 1027 703
795 346 1534 1268
1311 38 1668 1558
947 851 1402 1462
1484 1788 728 88
341 606 524 1644
1681 1443 1048 1443
756 946 1811 1129
1136 828 1728 940
627 571 435 859
1179 404 883 456
1189 416 142 400
536 1559 1744 521
1034 184 759 1243
1740 1626 1683 672
1375 41 919 1528
1449 329 855 1890
1639 1712 1732 226
848 1350 1637 1169
674 666 158 467
658 255 406 115
537 916 1567 916
862 1839 1195 1428
707 437 1602 1132
577 1045 1456 783
431 1481 162 831
96 270 1841 1486
1407 1613 1786 1056
1648 779 506 869
1696 846 1247 139
1801 1711 1645 1307
1317 1606 790 918
1793 1790 531 1629
907 607 774 1845
1390 938 1598 347
598 111 1120 167
1869 1052 929 1277
49 300 483 805
1513 1030 1377 1454
1248 1318 349 1703
1429 1757 1698 651
1538 1891 847 322
473 166 498 1878
1412 94 1280 1035
1121 1557 639 257
990 1208 930 1675
1283 236 317 923
843 479 401 125
408 275 1498 652
458 675 1141 28
123 1593 890 1895
1134 1617 739 926
1509 1362 165 742
768 1596 1447 878
48 1212 1625 1752
642 210 1461 1707
1422 534 1246 1411
599 1337 671 130
367 1018 1782 1657
1525 334 1860 438
367 1018 1782 1657
707 437 1602 1132
1181 648 499 648
185 1380 1641 1575
724 664 501 12
220 1628 1040 1460
49 300 483 805
983 148 1480 35
1413 1074 1041 1766
950 1709 1334 654
1648 779 506 869
602 1099 808 133
598 111 1120 167
1802 819 466 877
1690 1216 1083 1312
2 569 17 1065
1769 1621 1356 1721
1771 690 30 3
307 1699 1846 567
1424 135 1142 1646
793 1745 713 230
359 71 214 1314
1583 1291 1193 186
1220 1543 1670 1294
862 1839 1195 1428
576 912 507 1674
1761 838 1459 1521
818 995 1114 172
1248 1318 349 1703
87 842 1758 192
1513 1030 1377 1454
448 1342 1430 336
1168 188 1013 593
705 1204 61 1551
476 1450 716 1393
1008 1673 1499 1737
576 912 507 1674
843 479 401 125
1096 927 508 82
276 180 1742 196
988 981 1467 211
895 1894 355 1835
708 500 10 887
777 857 1823 361
1449 329 855 1890
1590 1490 1210 1066
906 461 169 442
1309 1388 389 392
65 1795 1032 65
1856 1166 1015 149
457 1871 445 575
587 1418 1719 246
371 1794 1116 696
1587 290 203 1031
667 471 1806 1488
195 1127 309 1232
642 210 1461 1707
756 946 1811 946
1043 826 1605 1448
1173 333 1118 1173
1419 1101 238 1847
1586 446 1553 298
597 1468 861 641
268 736 973 840
983 148 1480 35
627 571 435 859
258 1563 1747 428
1483 69 835 131
1134 1617 739 926
495 42 433 963
1172 153 323 1440
1094 33 623 263
430 1858 1677 1301
1817 881 915 937
1875 1231 1400 1735
1500 1227 745 1059
1769 1621 1356 1721
1152 181 558 1608
752 1896 409 752
407 1532 1813 1224
1610 1014 1643 542
1273 156 1632 155
578 718 631 1496
375 1217 749 1861
29 1340 1213 1730
514 1199 1295 1160
1510 1561 468 1678
179 908 970 1366
1520 585 1261 147
873 633 1252 603
1867 922 1058 829
874 626 1505 977
1357 152 1836 775
552 1507 100 1717
269 961 1182 757
285 1725 1139 106
1451 1335 1552 1230
121 8 643 991
844 546 1706 1110
1421 1688 58 43
351 1126 1743 492
227 999 190 1512
1196 340 497 163
259 692 1112 1336
646 1326 1105 960
539 1279 832 297
1446 951 422 242
602 1099 808 133
635 93 1163 460
1370 1149 487 1319
1720 90 837 548
988 981 1467 211
1748 1714 1870 1219
1504 284 272 352
1792 78 368 1006
874 626 1505 977
228 1473 99 1784
817 755 721 967
822 935 884 1187
1244 502 1545 13
674 666 158 467
1228 1024 32 1612
511 1518 649 860
1869 1052 929 1277
998 1191 1726 1005
212 590 786 233
1026 618 1297 1615
1134 1617 739 926
161 53 613 1051
1303 551 1073 490
1341 454 1655 803
1856 1166 1015 149
1423 1170 20 1373
1583 1291 1193 186
77 1016 1278 941
1817 881 915 937
1516 274 141 350
1445 1705 353 888
307 1699 1846 567
1807 574 1848 331
873 633 1252 603
462 1060 304 925
458 675 1141 28
525 1249 183 1682
512 1044 325 1750
312 1286 1797 208
1844 478 954 16
345 871 1667 1405
1300 1259 1439 426
920 1072 1200 505
1104 686 1140 1111
1457 1765 1654 1832
865 465 421 1886
1484 1788 728 88
889 655 1517 1435
1119 254 1665 150
1509 1362 165 742
971 902 496 1828
707 437 1602 1132
1313 1751 170 1147
332 1028 488 108
87 842 1758 192
1659 814 1882 470
772 463 439 295
1123 67 1536 945
1260 402 256 830
627 571 435 859
403 1106 932 1718
1639 1712 1732 226
175 1077 283 308
1661 864 1888 522
729 1269 451 898
66 806 1672 1578
1470 1694 1814 751
540 1037 330 1037
998 1191 1726 1005
566 1877 1759 566
354 176 357 1666
1064 1365 1859 1414
1370 1149 487 1319
823 1109 975 92
1802 819 466 466
630 1086 52 1299
277 85 1395 852
1506 18 801 1345
281 1763 239 1432
271 1075 1546 313
477 1723 24 1556
258 1563 1747 428
48 1212 1625 1752
345 871 1667 1405
924 1533 420 1576
1434 820 7 682
1322 1022 612 1144
1510 1561 468 1678
1476 1760 1042 896
1773 320 1736 989
893 892 441 1320
1397 1236 1255 1493
375 1217 749 1861
403 1106 932 1718
722 717 1281 980
457 1871 445 575
96 270 1841 1486
646 1326 1105 960
1370 1149 487 1319
1415 538 1547 1640
1436 1588 39 867
168 394 720 54
817 755 721 967
1586 446 1553 298
599 1337 671 130
724 664 501 12
856 288 1524 1404
1311 38 1668 1558
566 1877 1759 207
1519 1887 1408 447
635 93 1163 460
434 1866 1067 543
597 1468 861 641
1774 120 799 516
1809 1609 387 1391
1287 726 382 374
220 1628 1040 1460
1138 621 1756 1038
1422 534 1246 1411
964 126 797 513
359 71 214 1314
1889 668 1479 570
1427 796 1186 1851
1359 1803 1676 1310
781 64 1379 1069
711 527 1150 562
114 1865 436 75
1793 1790 531 1629
1801 1711 1645 1307
1043 826 1605 1448
711 527 1150 562
419 1017 992 1093
206 693 700 280
335 526 193 1573
834 1738 1829 1550
1875 1231 1400 1735
1876 1198 653 112
45 1372 432 549
990 1208 930 1675
1466 676 1265 1833
1457 1765 1654 1832
1354 107 917 1396
817 755 721 967
1659 814 1882 470
577 1045 1456 783
1809 1609 387 1391
1361 319 1398 504
87 842 1758 192
48 1212 1625 1752
1384 1156 841 1386
1138 621 1756 1038
264 976 687 1819
734 1346 634 101
1096 927 508 82
1309 1388 389 392
1050 459 1804 1275
959 792 699 681
1368 1753 1764 117
1568 1684 802 267
22 194 1579 744
240 645 1864 450
1094 33 623 263
1375 41 919 1528
1137 1849 1253 110
685 15 1838 677
540 1037 330 4
310 1852 1100 127
540 1037 330 540
1614 761 95 1276
424 1649 624 1209
1716 292 1651 113
599 1337 671 130
1511 1103 594 1850
365 503 868 134
1424 135 1142 1646
66 806 1672 1578
848 1350 1637 1169
971 902 496 1828
1390 938 1598 347
1434 820 7 7
1504 284 272 352
410 1708 583 1148
1607 286 452 1638
907 607 774 1845
1409 1892 1223 1107
998 1191 1726 1005
443 72 839 1206
260 764 1225 380
756 946 1811 756
417 25 581 356
335 526 193 1573
630 1086 52 1299
1538 1891 847 322
560 1029 98 673
1274 1347 1011 1347
1008 1673 1499 1737
1516 274 141 350
204 63 1183 1417
281 1763 239 1432
1131 1154 1554 1343
968 709 1438 160
29 1340 1213 1730
1274 1347 1011 1011
1633 1157 555 1537
1360 1 1671 904
777 857 1823 361
1854 1289 712 1308
201 1458 291 393
517 262 816 669
341 606 524 1644
609 662 1002 273
1407 1613 1786 1056
1173 333 1118 333
140 1369 691 1081
1500 1227 745 1059
102 1239 1452 1574
1136 828 1728 940
201 1458 291 393
734 1346 634 101
1361 319 1398 504
1771 690 30 3
1425 1857 415 247
804 370 494 730
1568 1684 802 267
1228 1024 32 1612
1178 1240 1663 1288
1168 188 1013 593
299 515 901 1003
1801 1711 1645 1307
836 520 1176 1376
1661 864 1888 522
2 569 17 1065
1441 1242 1826 1076
198 293 936 1834
1525 334 1860 438
825 1619 688 1818
1034 184 759 1243
1740 1626 1683 672
1696 846 1247 139
1361 319 1398 504
1303 551 1073 490
735 580 533 911
1690 1216 1083 1312
1485 769 702 1009
1504 284 272 352
1123 67 1536 945
449 1188 1577 553
335 526 193 1573
1354 107 917 1396
982 732 1724 1401
800 1332 1233 1233
1470 1694 1814 751
1102 766 1254 557
375 1217 749 1861
354 176 357 1666
1425 1857 415 247
689 348 1392 1363
225 1566 1245 31
1840 903 1805 14
206 693 700 280
473 166 498 1878
462 1060 304 925
1324 784 1693 1128
1321 1535 640 767
777 857 1823 361
231 444 701 780
610 1762 116 116
1867 922 1058 829
1817 881 915 937
229 592 1000 592
906 461 169 442
473 166 498 1878
1094 33 623 263
818 995 1114 172
495 42 433 963
259 692 1112 1336
1801 1711 1645 1307
45 1372 432 549
1256 815 1235 746
1266 789 482 656
1485 769 702 1009
1530 704 1047 559
1446 951 422 242
1509 1362 165 742
1355 1731 535 1270
431 1481 162 831
1595 1503 46 1635
544 414 1113 1482
1464 215 9 1464
685 15 1838 677
1514 579 62 714
179 908 970 1366
550 1571 1691 481
359 71 214 1314
1513 1030 1377 1454
844 546 1706 1110
765 1679 776 177
1876 1198 653 112
271 1075 1546 313
933 396 306 762
1876 1198 653 112
287 523 1564 321
47 1085 564 1085
952 821 261 119
611 949 1234 1523
209 563 1095 1207
760 1078 362 850
104 425 1054 453
734 1346 634 101
222 1021 486 79
907 607 774 1845
957 97 1325 1508
337 556 469 1214
1196 340 497 163
1241 302 1680 191
1043 826 1605 1448
220 1628 1040 1460
132 1787 1364 1416
1741 1146 1634 1634
105 1329 429 698
1844 478 954 16
29 1340 1213 1730
201 1458 291 393
419 1017 992 1093
1746 440 1585 1469
114 1865 436 75
665 1656 343 824
536 1559 1744 521
650 136 173 418
550 1571 1691 481
296 157 1180 1293
1520 585 1261 147
1406 953 934 809
195 1127 309 1232
663 1810 647 219
1715 344 250 853
1123 67 1536 945
1397 1236 1255 1493
1406 953 934 809
1094 33 623 263
1610 1014 1643 542
1874 695 1863 1177
1185 1776 1542 1378
1317 1606 790 918
1514 579 62 714
74 68 528 1541
708 500 10 887
337 556 469 1214
351 1126 1743 492
1514 579 62 714
1397 1236 1255 1493
1296 532 794 1194
1385 738 1727 530
1854 1289 712 1308
705 1204 61 1551
1241 302 1680 191
1660 1560 326 1658
212 590 786 233
895 1894 355 1835
1821 1285 83 1158
735 580 533 911
1267 625 807 636
616 679 11 1327
305 1772 1238 44
276 180 1742 196
1409 1892 1223 1107
1248 1318 349 1703
1807 574 1848 331
1781 381 596 199
1274 1347 1011 1274
1582 586 103 411
741 1420 1184 885
146 1019 1713 1403
994 518 1873 518
1133 398 1820 1338
1033 785 710 1599
697 561 289 1581
1425 1857 415 247
1729 1339 1226 491
889 655 1517 1435
727 894 1272 1272
1582 586 103 411
1690 1216 1083 1312
604 632 1652 145
610 1762 116 1762
109 1689 948 1522
996 1539 57 1330
301 588 595 1800
1360 1 1671 904
310 1852 1100 127
223 731 1012 249
910 1211 849 86
765 1679 776 177
1662 605 791 928
1583 1291 1193 186
1614 761 95 1276
552 1507 100 1717
268 736 973 840
865 465 421 1886
1220 1543 1670 1294
1422 534 1246 1411
1185 1776 1542 1378
1436 1588 39 867
616 679 11 679
